74	485	783	499	773	982	187	162	754	812	676	77	95	264	38	211	506	70	11	375	178	282	210	61	62	218	23	96	179	197	486	550	847	869	132	958	917	840	18	453	448	251	1096	78	212	118	43	117	974	1137	538	186	
315	1039	69	395	1127	1005	747	1054	169	996	98	792	30	429	1034	45	521	440	566	133	491	439	642	1033	25	885	748	684	131	342	1069	679	920	615	836	549	548	314	919	692	363	732	678	430	1059	674	802	1072	
540	499	252	757	168	246	298	318	386	456	387	79	539	720	661	513	353	688	42	32	496	276	181	10	334	0	225	33	286	532	226	622	59	249	512	423	193	825	52	218	990	1	417	39	248	222	58	73	157	275	287	46	174	148	194	520	297	392	420	28	313	
467	180	229	310	601	796	416	681	924	421	782	573	877	909	526	763	134	139	855	454	406	455	422	427	527	624	998	781	37	969	303	129	751	302	415	706	710	1068	228	873	
206	51	332	408	660	265	861	333	355	578	739	31	60	109	9	66	8	640	400	266	444	1065	733	577	582	759	158	130	591	845	393	75	67	529	63	478	516	477	
818	687	1141	494	771	913	568	414	901	36	689	100	880	331	881	325	319	354	177	126	445	586	125	666	64	101	167	143	794	960	285	648	261	142	814	878	320	
852	373	1002	1023	1032	1118	85	14	243	368	374	135	227	949	154	899	26	948	221	401	242	196	40	29	207	86	6	7	498	209	20	195	1056	923	115	
184	468	1044	891	1117	1130	465	436	90	306	1073	1048	464	514	515	977	89	137	185	848	853	561	892	843	842	650	317	240	136	
41	372	559	103	1040	728	571	500	151	371	639	116	208	358	357	608	720	685	560	502	779	258	263	766	21	104	597	574	
472	291	882	820	72	702	995	671	105	292	394	675	348	504	71	606	449	269	749	1051	270	505	428	991	305	106	475	
860	557	165	492	385	403	402	127	699	149	120	419	170	613	171	951	309	886	161	384	128	656	934	119	940	418	1135	
244	48	111	223	523	649	932	1104	235	524	47	224	542	507	236	839	110	638	541	1115	863	1086	657	1076	683	
68	1112	409	546	673	114	672	547	558	233	778	378	335	769	1136	410	1150	768	945	876	201	250	44	
245	701	654	462	411	631	321	593	551	452	831	1146	340	827	508	786	203	1145	785	497	279	83	830	
1144	872	838	871	607	1006	930	204	761	762	470	670	370	230	737	88	610	715	469	268	138	87	801	
584	714	424	662	1025	1042	205	173	630	330	906	1066	283	629	525	1001	585	257	259	916	736	172	
617	668	1022	1151	897	589	1027	809	898	1074	1016	1081	793	735	1152	1108	575	1021	450	616	576	407	
661	532	828	73	698	287	929	390	775	194	193	247	894	19	298	386	663	382	334	286	
700	705	359	926	295	696	296	356	822	237	458	27	928	343	1067	965	1111	612	457	324	
434	904	107	734	947	341	976	688	935	953	905	1037	572	1101	108	994	967	80	1036	1029	
564	565	533	745	383	153	234	102	764	819	933	937	966	765	978	304	152	832	903	968	
697	367	570	322	677	200	721	1063	412	725	729	262	166	299	366	1000	380	867	1038	413	
1133	981	509	522	643	811	391	667	738	716	946	344	1046	13	482	1087	327	810	369	
726	569	1126	24	752	583	837	1064	1140	956	1148	267	941	651	81	975	219	82	97	
619	628	918	503	626	658	202	889	360	788	817	645	784	659	1095	644	611	124	890	
432	588	717	231	84	1085	431	339	1055	1116	579	844	460	443	833	587	459	338	
35	534	665	1124	770	1031	1077	879	931	634	1089	535	984	655	858	34	1128	
531	483	750	755	349	545	519	816	364	851	290	274	850	950	598	859	875	
835	217	846	971	1088	1080	1007	740	567	1053	756	54	1125	741	55	854	
351	214	829	438	91	280	93	323	694	190	664	554	767	150	94	365	
377	955	997	989	731	544	625	336	682	1075	708	376	993	337	312	707	
182	614	596	160	397	536	487	528	471	939	405	122	150	112	381	537	936	113	1143	145	396	595	953	215	159	404	121	216	
1049	1100	147	466	563	192	856	284	146	711	753	1014	562	191	780	
1070	691	1110	1058	1131	1035	1061	1078	954	602	1132	1109	1090	690	
653	959	379	604	1013	22	1043	942	1052	970	1082	1142	787	
912	813	435	57	489	1130	436	45	440	433	425	490	636	561	56	1152	893	637	481	724	450	635	
198	1030	791	328	199	703	65	727	1015	141	857	592	140	
511	182	704	900	352	552	962	1143	943	1084	1097	92	213	
957	669	1060	1105	241	1129	99	329	772	866	599	719	790	
824	841	53	288	695	742	925	985	289	1093	908	823	
1103	896	1114	308	647	256	307	1122	300	255	479	301	
862	1119	1062	821	1099	510	1012	1024	555	1045	556	921	
623	686	795	1139	2	1026	1147	709	1138	350	232	
834	594	447	680	1079	446	253	914	254	50	388	
907	870	437	311	543	260	884	849	389	746	76	
381	144	614	936	596	113	939	145	396	405	621	
1009	1018	952	911	1017	983	910	961	3	1019	
819	581	972	1022	722	983	1009	155	799	647	730	590	509	156	776	800	580	
868	293	294	1121	986	922	803	807	938	804	
239	163	164	815	826	238	463	220	271	
693	425	743	895	345	600	1050	476	744	
605	1083	808	426	347	346	361	609	501	
362	1057	915	518	517	1091	451	874	723	
441	797	883	798	12	442	123	988	
493	927	16	972	718	1028	620	530	
1094	902	1098	273	652	603	272	326	
987	760	5	17	4	963	618	
495	281	183	1107	1010	1071	1134	
973	15	480	14	488	484	
1041	1020	1123	641	277	278	
473	887	888	1003	1004	474	
189	553	188	433	1011	
999	461	1047	316	1092	
712	944	713	777	398	
774	627	712	944	758	777	399	398	964	
789	49	992	
1102	1149	646	
805	1106	806	
1120	1008	1113	
226	622	252	512	423	168	246	318	387	79	248	222	58	513	275	353	46	42	148	392	10	0	33	
485	773	982	77	70	375	23	96	486	550	847	132	958	917	840	453	448	1096	78	43	974	1137	61	
130	578	206	31	109	332	591	408	265	845	393	8	577	529	355	739	333	158	60	
540	520	825	59	496	276	181	539	456	28	157	990	757	1	417	174	225	39	
331	125	1141	881	586	64	568	648	261	142	354	814	36	126	901	445	880	
400	266	51	660	733	492	759	582	607	1121	591	9	956	66	393	753	75	8	67	63	478	640	516	477	
467	782	303	573	1068	310	427	909	706	416	924	998	781	37	454	
373	368	374	899	86	6	227	209	1002	1118	85	195	196	
243	29	207	498	7	26	221	20	1032	154	242	40	115	
455	422	129	877	601	751	302	710	624	134	228	855	969	
315	548	748	30	692	1059	1127	679	615	1005	802	549	
421	406	180	229	526	527	796	415	763	681	139	873	
885	996	395	732	45	440	836	133	491	169	642	
171	656	860	613	309	940	120	419	384	1135	127	
359	926	822	1111	356	458	1067	27	343	457	
638	507	541	48	223	47	649	839	224	542	
778	114	68	1112	547	1150	546	201	250	233	
105	292	394	291	882	449	675	995	671	1051	
1066	584	525	1001	1025	1042	630	173	330	916	
700	705	295	696	296	237	928	965	612	324	
514	892	468	515	465	977	853	240	1117	561	
25	684	131	363	342	430	678	566	1069	
1033	1039	792	98	1034	429	1054	439	1072	
766	500	104	371	639	208	358	608	685	
184	1048	137	185	317	891	306	136	848	
721	697	1063	729	310	698	166	1000	677	1038	200	
378	673	945	672	876	558	409	410	1136	
71	428	606	305	348	72	269	702	
244	235	1115	236	657	110	932	111	
557	119	385	165	886	492	418	403	
951	128	934	699	149	161	170	402	
852	948	949	401	1023	135	1056	923	
564	565	533	819	234	937	304	832	
894	828	298	698	663	775	929	286	
522	509	391	667	738	482	327	1046	
314	919	69	521	920	674	747	
843	842	650	89	1044	1073	464	
370	230	268	138	204	762	670	
466	563	192	146	1014	562	191	
835	846	217	1080	1007	567	756	
989	731	625	336	708	1075	707	
658	626	889	360	788	784	659	
863	524	523	1086	1076	1104	683	
32	297	420	52	249	313	
1088	854	54	1125	55	971	
715	87	761	88	607	1006	
745	102	933	966	978	968	
106	991	504	749	270	505	
595	215	159	487	216	536	
827	786	203	785	452	831	
288	695	742	925	289	823	
997	544	682	955	993	337	
575	617	1016	589	576	407	
619	628	503	645	1095	644	
534	879	931	535	984	858	
604	1043	1052	942	1082	1142	
898	1081	1021	616	793	897	
665	1124	634	1089	655	1128	
795	1139	2	709	232	
24	752	1064	956	97	
35	1031	770	1077	34	
870	311	543	746	76	
904	976	905	80	1036	
569	267	81	219	82	
654	462	593	83	1146	
511	704	962	92	213	
856	284	711	753	780	
364	851	850	950	875	
588	1116	717	460	443	
735	1152	1108	1074	450	
610	469	871	470	801	
862	821	1024	555	921	
1126	583	1140	1148	941	
1070	1078	1061	602	1090	
811	643	946	716	810	
1027	809	668	1022	1151	
1144	737	872	930	838	
1018	1017	961	3	
344	1087	1133	13	
335	769	768	44	
841	1093	53	908	
199	65	198	857	
99	329	772	669	
918	611	124	817	
155	776	156	722	
560	258	597	1040	
510	1012	556	1119	
726	837	975	651	
1035	954	1131	1058	
56	636	57	
84	338	587	
436	90	1130	
703	727	140	
141	592	1015	
1049	1100	147	
152	383	153	
241	599	790	
1114	1122	300	
377	376	312	
1030	791	328	
350	1026	1147	
481	635	435	
1065	861	444	
820	475	472	
1138	623	686	
1132	691	690	
957	719	866	
1053	740	741	
765	764	903	
952	911	910	
983	1019	1009	
1045	1099	1062	
1129	1060	1105	
828	1105	494	734	395	72	985	165	1112	1127	935	689	349	169	739	105	19	1060	300	288	673	30	348	1037	220	558	645	990	1138	787	464	642	71	514	606	790	669	973	378	131	1147	947	633	1069	132	1114	772	1136	840	390	741	278	632	130	239	519	262	392	1129	732	873	1059	274	382	1067	320	802	80	830	44	
244	48	518	791	223	1043	702	649	901	323	932	694	808	235	1122	1084	328	102	460	199	47	108	572	966	1101	798	470	140	236	107	738	341	703	839	618	919	657	822	65	1097	290	1019	598	111	
852	952	1064	411	523	803	1151	995	1028	1104	897	1066	1055	643	524	542	670	834	809	1027	898	1047	631	552	1051	50	999	541	1086	316	616	1056	
467	564	588	1088	856	202	782	466	1030	1120	1125	762	454	846	869	234	1113	1004	152	781	911	24	6	1021	910	587	950	55	1008	
144	687	472	1077	1023	2	789	179	736	49	748	817	709	1085	37	232	968	1018	1017	1139	119	253	285	97	
818	584	583	1140	662	941	699	366	172	486	351	885	1126	900	714	1042	452	3	453	725	585	1148	259	906	
245	385	677	578	355	211	1063	109	96	854	654	577	958	158	448	428	1096	303	363	302	678	1045	1068	61	
74	485	783	162	76	38	1100	506	70	11	368	178	282	210	566	530	503	896	18	147	118	1012	1137	
965	402	890	707	903	198	336	659	708	295	296	237	337	658	764	731	784	682	765	993	1075	324	
59	926	188	812	757	343	457	705	359	1111	994	27	126	717	718	628	16	43	356	458	554	
1039	1053	1078	690	98	740	1132	835	217	1110	1058	1131	567	1035	54	1109	691	943	710	954	756	
292	918	394	314	375	69	5	463	675	820	982	521	920	306	674	671	747	749	832	475	
626	379	889	427	909	553	683	872	711	414	416	974	928	970	998	924	12	836	1142	13	
665	824	827	701	1124	508	139	227	203	1145	1044	497	634	23	322	551	279	1089	831	
171	951	700	713	934	557	940	474	120	419	161	384	418	755	170	219	613	115	33	
623	997	1115	311	429	543	719	601	544	746	84	681	134	376	83	110	133	312	804	
377	870	559	104	103	371	565	260	760	987	17	1052	963	676	644	975	333	1072	
816	522	86	391	326	706	299	648	931	273	482	639	652	272	327	1046	123	484	
548	214	367	622	604	686	695	904	692	976	1026	354	380	867	350	571	549	880	
1049	412	483	563	192	146	629	986	937	267	1014	81	586	569	191	82	780	
184	892	468	515	241	465	977	853	137	265	317	90	240	891	1117	1048	848	
726	254	996	786	837	183	114	785	117	409	430	621	651	857	620	365	1011	
35	907	841	437	594	881	446	884	1092	849	389	277	1093	908	388	
247	778	507	843	68	568	547	1150	280	538	546	562	201	250	233	
78	668	533	469	129	1079	922	851	727	807	930	992	576	1128	801	
370	847	715	230	617	863	294	838	138	87	624	1006	204	224	761	
495	511	916	829	942	352	600	510	962	91	173	330	93	1135	439	
1071	959	281	704	190	149	1107	664	438	4	767	94	1134	213	
638	685	151	307	15	1103	480	779	116	208	479	358	488	263	
36	1094	752	991	22	946	902	1098	504	451	603	810	106	505	
167	794	960	666	913	325	64	696	166	319	261	142	101	100	
766	868	372	770	1080	1007	905	99	153	984	1076	858	516	938	
1083	610	426	795	143	860	1031	346	814	871	615	599	917	413	
421	406	180	500	229	175	176	526	527	415	763	978	407	357	
545	531	573	335	773	745	1074	667	20	769	933	768	60	
25	461	462	53	981	189	309	925	255	1025	289	612	823	
339	432	291	231	293	579	449	844	833	338	431	459	270	
894	1057	882	525	1001	1118	205	1091	874	228	723	
251	653	1041	1020	212	28	187	1123	641	95	
735	256	206	444	1108	408	788	308	850	301	
927	915	455	1065	887	751	1003	329	888	855	
592	473	62	1015	967	264	197	186	340	
957	1062	845	1010	141	929	775	369	866	
1081	945	797	876	410	304	793	491	493	
347	1144	332	737	754	679	529	609	501	
331	842	305	185	269	663	861	445	
550	805	1106	806	257	1040	1095	258	
1070	1149	646	1061	1102	602	611	1090	
693	743	284	630	1050	476	744	
1146	742	680	593	34	447	
125	401	364	177	923	875	
315	656	684	1005	403	423	
434	362	877	796	517	969	
441	534	771	883	442	988	
560	41	21	597	728	
128	895	345	92	1036	
283	575	886	535	136	
1133	383	344	1087	196	
811	716	672	955	608	
1033	792	1034	1054	971	
88	0	859	750	
650	989	89	625	
268	574	124	502	
443	422	127	1116	
619	914	878	209	
321	570	1082	879	
77	1099	31	
342	361	605	
360	655	424	
1013	899	961	
