265	235	237	244	241	363	264	644	375	421	242	243	240	3	245	0	263	239	238	246	504	621	262	266	2	330	234	287	536	268	503	299	610	416	1	655	41	300	362	267	656	236	247	4	
668	223	224	52	591	221	340	225	51	344	647	592	594	578	222	343	226	576	593	646	227	341	342	577	461	
191	188	392	550	179	391	387	514	390	190	538	389	183	180	388	611	184	187	186	185	192	182	590	189	193	181	194	650	499	500	
425	432	248	28	473	400	543	559	654	427	652	431	653	480	630	677	13	30	360	567	
463	459	517	541	34	640	154	56	380	518	57	426	59	55	516	660	61	29	352	462	60	406	62	113	63	156	153	515	152	672	616	53	58	155	666	54	542	
7	214	39	327	81	8	587	43	84	537	85	86	489	586	472	625	328	299	88	42	643	321	365	
529	534	6	14	15	5	528	532	533	675	10	506	530	9	12	11	527	
352	459	462	666	541	406	616	640	426	34	660	29	113	542	
464	203	415	582	31	204	37	249	465	560	100	574	69	581	
445	408	291	254	540	497	67	66	292	409	566	589	636	483	670	397	496	68	399	444	398	588	216	620	
143	145	60	131	142	134	274	136	144	133	137	33	443	442	135	148	
362	504	41	503	644	299	621	610	363	421	330	536	300	
405	169	170	107	164	166	168	167	467	466	404	163	
106	207	311	165	353	315	171	206	108	205	109	
481	95	378	600	87	32	93	92	91	90	
622	82	83	157	81	385	78	76	72	75	
150	147	149	519	146	138	132	141	482	313	
368	661	19	21	479	20	151	441	22	
514	191	182	550	190	183	193	499	500	
219	214	220	218	217	334	216	213	412	215	
364	336	335	271	270	635	337	269	643	
296	297	295	298	555	319	339	318	320	
77	383	79	74	195	379	158	73	
552	565	124	551	546	600	564	601	123	602	575	
613	140	612	619	164	549	314	618	671	
283	281	488	284	487	285	634	282	286	329	15	498	280	633	
494	495	601	570	44	602	40	
230	159	667	228	80	229	384	
94	202	199	642	617	641	201	
104	105	103	97	101	96	102	
326	49	105	98	97	323	96	322	325	99	324	102	
176	175	177	173	172	375	174	178	
273	293	430	429	428	294	272	
288	356	331	553	333	332	357	
399	408	410	398	409	397	620	
449	450	546	448	454	452	453	451	
334	24	23	27	25	26	
308	439	309	626	658	70	438	310	71	440	
554	369	512	513	370	458	
471	523	470	632	524	631	
0	1	2	3	4	
110	89	114	111	624	
129	130	126	128	125	127	
373	371	374	139	372	
210	208	211	212	209	
407	676	377	597	232	
261	257	259	258	113	260	
276	598	277	606	112	278	275	279	599	
289	561	638	639	290	
47	301	303	302	649	48	648	505	
346	347	345	348	349	
361	359	358	366	360	367	
580	419	579	531	420	
558	548	468	547	469	
476	474	520	521	475	
491	544	522	492	490	
535	525	493	545	526	
17	573	18	16	
49	662	50	663	
350	200	411	112	
121	116	115	117	
119	120	571	539	
250	253	251	252	
484	486	317	485	
502	501	382	381	
403	386	401	402	
460	393	395	394	
515	518	517	516	
608	609	607	572	
659	678	637	645	
36	35	38	
46	45	437	
47	505	48	
122	338	118	
162	161	160	
196	197	198	
489	231	233	
396	256	255	
279	598	599	
306	307	312	
603	417	418	
422	423	424	
457	455	456	
454	498	488	487	18	
509	508	507	
669	511	510	
569	623	568	
585	583	584	
589	670	588	
627	101	628	285	629	
529	14	525	327	44	587	84	530	602	624	86	527	40	472	328	110	528	495	378	493	601	114	526	88	10	8	12	11	90	7	39	5	675	533	87	600	111	43	537	85	9	92	91	586	625	481	534	535	6	95	15	494	89	532	545	32	570	42	93	506	321	365	
668	191	188	392	550	179	223	391	387	224	52	591	221	340	514	390	225	51	190	344	538	647	389	183	592	594	578	180	388	222	611	184	187	343	186	185	192	182	226	590	189	193	576	593	181	194	227	646	341	342	577	650	461	499	500	
445	408	653	630	473	291	360	254	540	497	67	66	292	409	346	30	432	345	566	425	248	28	410	400	250	589	559	636	431	347	483	670	677	13	654	397	251	348	252	496	68	399	444	398	543	588	427	253	652	480	567	349	620	
273	326	176	50	175	430	103	428	37	97	294	100	351	322	325	581	582	651	293	99	173	429	324	465	272	69	178	203	49	31	104	177	105	172	662	98	249	174	323	96	629	663	464	415	204	627	101	560	628	574	102	
150	131	147	612	619	142	452	314	274	482	450	144	304	133	454	33	305	138	443	442	148	313	143	145	149	453	134	618	451	671	449	613	140	136	519	448	146	137	549	132	141	135	
165	170	164	166	353	108	205	232	207	405	407	676	168	206	106	107	377	167	171	467	597	466	109	163	169	311	80	315	404	
77	383	667	157	81	158	229	78	376	230	385	82	76	73	657	622	75	74	79	195	384	72	159	228	80	379	83	
276	94	200	199	202	277	411	112	598	606	278	617	642	275	350	279	641	201	599	
554	129	369	371	130	126	128	455	512	457	456	373	374	125	139	513	370	458	372	
219	38	214	35	220	218	217	471	216	523	213	412	470	524	36	632	215	631	
552	261	565	124	551	546	608	564	572	123	609	257	259	258	607	260	575	
361	334	359	386	23	403	24	367	401	26	402	358	366	27	25	
47	484	301	303	302	127	649	48	485	316	648	486	317	505	
417	418	522	603	490	491	580	419	544	531	579	492	420	
118	122	539	117	571	121	115	338	120	119	116	
265	235	244	241	262	266	234	287	268	264	416	242	243	240	267	415	245	236	263	239	238	246	316	
56	153	463	380	152	672	57	53	154	58	55	59	62	61	54	155	156	
417	418	541	512	406	603	640	491	580	419	544	660	579	420	542	
529	534	528	675	533	506	530	13	531	527	
554	369	128	37	249	370	573	27	69	574	
425	459	462	504	41	503	427	426	630	666	
481	95	94	353	532	93	43	92	91	90	
644	621	103	199	133	610	571	330	300	
484	608	572	315	609	607	485	486	317	
104	202	642	659	617	637	641	201	
28	410	616	86	29	30	472	
582	651	560	100	34	351	581	
6	14	5	10	9	12	
38	31	35	33	36	365	
405	407	471	597	404	148	
646	343	340	341	342	344	
165	32	284	8	586	
493	545	570	63	40	
421	78	141	247	536	
676	377	231	233	232	
652	431	653	654	432	
400	11	567	248	
464	203	465	204	
473	543	559	480	
495	44	494	
376	79	657	
82	352	622	
379	378	87	
228	229	230	
237	656	655	
357	553	356	
