377	372	335	330	871	376	333	327	337	340	331	545	339	374	375	760	328	336	290	334	338	326	
622	15	748	611	749	14	747	746	11	752	6	7	345	751	10	884	13	12	908	750	
131	820	821	132	123	130	808	695	9	129	844	120	61	121	126	133	750	
791	360	176	97	173	174	694	128	175	465	43	99	415	710	177	172	464	
71	557	73	72	570	571	578	127	573	98	575	699	572	574	96	587	586	
564	563	252	249	562	246	255	257	566	640	248	815	565	260	714	567	772	561	258	247	251	256	253	259	261	833	250	
56	370	462	367	59	836	463	758	65	366	8	757	93	719	369	60	
189	191	707	200	193	57	198	192	190	806	199	393	807	87	204	201	186	
550	904	89	84	85	88	549	82	80	548	656	86	90	87	81	83	
48	577	46	848	42	44	211	657	47	45	476	479	478	49	477	
503	717	579	813	829	814	718	812	891	529	141	63	546	890	580	
434	712	614	882	435	642	615	730	729	876	587	883	874	616	445	613	875	
444	146	449	411	280	219	448	278	148	843	227	149	220	218	504	279	150	111	
347	898	559	341	344	342	346	789	838	153	343	576	516	787	
291	295	480	296	593	289	292	298	300	288	294	297	299	301	
835	849	231	760	68	722	456	724	67	3	761	793	723	
74	425	181	427	451	424	711	75	290	419	452	418	720	
540	537	543	544	95	235	541	591	538	94	542	233	539	
406	351	411	408	187	409	410	196	903	412	348	405	776	407	
206	202	188	205	194	837	203	909	696	350	736	576	197	447	
818	309	310	817	308	304	307	816	893	305	667	306	867	
105	847	109	212	555	114	102	108	113	112	106	115	
437	436	631	633	438	634	850	101	100	880	632	
125	819	352	356	558	354	353	688	358	357	897	
147	222	226	673	223	221	672	218	224	219	225	
825	318	20	17	319	321	23	322	589	320	
35	38	687	635	686	207	881	36	528	37	
713	565	260	714	255	257	253	731	249	250	
841	32	654	29	30	22	869	706	336	840	349	655	31	
283	584	583	794	284	585	66	62	155	
151	846	281	282	157	154	122	152	845	
144	145	560	143	134	142	139	135	140	
266	581	268	269	267	582	839	502	270	
303	863	740	675	678	674	741	853	854	
507	511	509	508	865	513	510	512	355	
19	426	21	16	22	234	18	232	
53	51	209	210	52	54	208	50	
104	103	107	262	553	547	110	213	
163	164	359	773	159	544	160	162	166	165	161	765	158	
171	167	842	481	482	170	168	169	
180	184	182	896	183	392	185	886	179	471	
229	485	230	795	487	228	864	486	
239	236	241	889	238	240	237	242	
907	894	877	879	329	878	689	690	
862	483	386	856	525	384	385	484	
400	399	466	401	403	397	398	402	
588	601	600	803	822	599	802	611	598	
628	627	623	626	629	625	621	624	
244	245	885	243	617	64	124	
892	214	311	554	313	312	111	
461	136	137	460	458	459	76	457	
467	506	468	288	404	302	301	505	780	
606	416	387	417	607	608	388	
421	422	420	779	423	488	454	
495	500	498	499	494	496	497	
178	499	2	5	137	625	4	1	0	
362	364	363	156	361	365	
534	532	533	535	195	536	
610	809	371	597	609	612	
441	834	443	440	442	439	
489	490	492	866	491	493	
660	649	641	658	643	646	648	645	659	644	
653	728	650	727	652	651	
661	899	900	902	662	901	
25	24	26	391	28	27	
799	78	79	800	801	
119	118	117	116	501	
251	870	252	759	254	
275	274	273	272	271	448	
588	590	293	709	739	
373	332	391	596	855	
362	774	446	364	798	775	365	790	
697	473	698	475	474	
514	515	526	517	527	
520	522	524	523	521	
643	645	641	647	642	
770	786	771	23	676	677	343	
738	737	682	681	683	
705	522	704	524	523	797	796	703	521	
58	55	34	33	
721	41	40	39	
77	888	76	887	
163	164	165	765	
669	668	276	277	
315	847	314	389	390	115	113	
325	708	323	324	
381	383	382	380	
428	429	430	431	
700	701	702	450	
715	716	552	551	
868	872	592	873	
619	644	620	618	
665	666	664	784	
743	742	671	670	
735	734	732	733	
70	630	69	
217	216	215	
265	263	264	
287	285	286	
869	348	349	
851	852	368	
602	379	378	
472	392	471	
394	396	395	
455	781	453	
469	470	785	
638	639	556	
663	569	568	
603	604	605	
679	861	680	
693	691	692	
726	895	725	
745	756	744	
753	754	755	
763	762	764	
778	777	792	
827	828	826	
832	831	830	
331	377	339	372	335	330	333	338	326	340	
545	374	375	328	336	871	334	376	327	337	
622	752	748	747	345	751	749	746	908	
71	575	73	72	574	570	571	578	
11	15	6	7	10	14	12	
836	463	65	8	93	719	60	
476	48	47	46	479	49	477	
57	198	189	190	393	191	200	
128	175	791	176	99	415	97	
898	341	789	343	576	516	787	
835	760	456	3	849	793	
74	425	426	427	424	75	720	
105	109	102	108	106	115	
847	212	555	114	113	112	
130	695	131	129	132	133	
813	814	812	529	141	546	
406	408	409	776	407	196	
247	248	246	259	261	833	
712	730	729	882	883	616	
503	717	829	718	63	
444	149	449	220	448	
192	201	186	707	193	
673	221	672	224	219	
843	227	280	279	278	
540	235	543	233	539	
260	257	253	249	250	
815	563	772	566	258	
307	309	305	867	304	
541	537	544	538	542	
35	881	687	38	
635	37	686	207	
761	231	68	67	
558	125	688	897	
150	146	504	148	
559	342	838	153	
199	807	806	204	
256	564	561	567	
818	310	816	817	
819	358	357	354	
370	366	369	367	
56	59	462	
95	591	94	
634	101	631	
350	197	837	
320	321	589	
344	480	346	347	
353	356	352	
434	445	435	
904	550	549	
615	613	614	
731	713	714	
724	723	722	
874	876	875	
472	231	68	423	331	730	102	761	835	266	722	361	3	849	779	793	723	804	520	805	21	822	724	753	67	272	478	44	
560	856	836	149	719	463	456	160	706	65	758	8	757	93	12	655	112	60	
105	214	104	103	109	114	212	262	553	108	322	555	110	106	213	
506	899	707	192	813	900	814	504	891	901	141	890	123	780	
56	292	808	11	15	6	7	9	844	220	10	674	
400	584	794	820	821	585	66	62	90	577	121	232	
545	503	367	717	791	829	838	718	502	63	516	
303	298	300	863	294	297	295	593	299	289	476	
125	291	897	296	126	95	94	61	34	33	
19	825	318	16	17	319	321	320	18	
128	175	176	415	558	414	739	413	97	
211	619	898	583	341	789	342	153	787	
579	234	20	806	807	589	204	580	
462	59	371	764	210	763	529	762	
421	488	455	422	420	781	453	454	
573	559	557	572	99	586	127	
373	809	332	596	597	353	855	
244	64	689	124	720	690	
418	181	711	419	452	451	
283	284	269	267	839	270	
370	852	368	851	366	369	
42	657	43	45	848	
699	614	98	96	615	
590	293	709	620	618	
818	816	817	812	647	
35	528	881	36	
581	155	268	582	
156	107	363	
120	547	546	
500	144	143	
152	282	281	
479	870	884	
610	609	612	
688	636	637	
661	902	662	
