0	1372	1
0	1893	1
2	167	1
2	490	1
2	1471	1
2	1597	1
2	1925	1
2	1972	1
2	1992	1
2	2005	1
2	2014	1
2	2024	1
13	177	1
13	192	1
13	671	1
13	700	1
13	1985	1
15	16	1
15	31	1
15	446	1
15	483	1
15	510	1
15	618	1
15	660	1
15	661	1
15	694	1
15	790	1
15	897	1
15	1159	1
15	1629	1
16	31	1
16	96	1
16	209	1
16	421	1
16	483	1
16	567	1
16	618	1
16	660	1
16	694	1
16	728	1
16	755	1
16	789	1
16	790	1
16	808	1
16	994	1
16	1100	1
16	1159	1
16	1631	1
16	2037	1
17	352	1
17	421	1
17	808	1
18	441	1
18	473	1
18	550	1
18	781	1
18	917	1
18	1116	1
18	1954	1
28	147	1
28	1354	1
28	1411	1
28	1525	1
28	1554	1
28	1877	1
31	52	1
31	96	1
31	209	1
31	421	1
31	446	1
31	482	1
31	483	1
31	484	1
31	485	1
31	509	1
31	510	1
31	511	1
31	512	1
31	567	1
31	618	1
31	660	1
31	661	1
31	694	1
31	728	1
31	763	1
31	789	1
31	790	1
31	808	1
31	994	1
31	1100	1
31	1629	1
31	1631	1
31	2037	1
37	65	1
37	101	1
37	166	1
37	579	1
37	866	1
37	2043	1
42	752	1
42	1467	1
42	1554	1
42	2073	1
45	176	1
47	689	1
47	720	1
47	921	1
47	1947	1
52	446	1
52	482	1
52	483	1
52	484	1
52	485	1
52	509	1
52	510	1
52	579	1
52	660	1
52	661	1
52	694	1
52	728	1
52	763	1
52	1041	1
52	1100	1
52	1629	1
52	1631	1
56	66	1
56	101	1
56	269	1
56	282	1
56	335	1
56	438	1
56	441	1
56	487	1
56	550	1
56	921	1
56	973	1
56	1033	1
56	1143	1
56	1165	1
56	1487	1
56	1501	1
56	1637	1
56	2039	1
56	2062	1
56	2141	1
56	2144	1
57	818	1
57	856	1
57	888	1
57	1167	1
57	1885	1
57	2060	1
63	1125	1
63	1145	1
64	79	1
64	692	1
64	781	1
64	1116	1
64	1269	1
64	1738	1
64	1934	1
64	1954	1
65	166	1
65	579	1
66	101	1
66	235	1
66	269	1
66	282	1
66	327	1
66	438	1
66	441	1
66	487	1
66	897	1
66	921	1
66	973	1
66	1022	1
66	1143	1
66	1165	1
66	1487	1
66	1637	1
66	2141	1
66	2144	1
69	70	1
69	71	1
69	89	1
69	753	1
69	767	1
69	768	1
70	71	1
70	753	1
70	767	1
71	89	1
71	753	1
71	767	1
71	768	1
72	475	1
72	550	1
72	672	1
72	1112	1
72	2005	1
72	2062	1
77	191	1
77	975	1
77	1097	1
77	1160	1
77	1491	1
77	1553	1
77	2047	1
77	2107	1
78	83	1
78	111	1
78	690	1
78	894	1
78	954	1
78	1352	1
78	1818	1
79	692	1
79	781	1
79	1116	1
79	1622	1
79	1934	1
79	1954	1
79	2005	1
79	2062	1
83	315	1
83	504	1
83	550	1
83	579	1
83	721	1
83	894	1
83	954	1
83	1352	1
83	1690	1
83	1803	1
83	1818	1
89	767	1
94	98	1
94	103	1
94	202	1
94	228	1
94	263	1
94	804	1
94	1451	1
94	1543	1
94	1699	1
94	2113	1
96	483	1
96	660	1
96	694	1
96	790	1
96	1100	1
96	1159	1
96	1629	1
98	103	1
98	202	1
98	228	1
98	252	1
98	1125	1
98	1251	1
98	1699	1
99	1478	1
99	1520	1
99	1619	1
101	327	1
101	421	1
101	438	1
101	973	1
101	1033	1
101	1147	1
101	1165	1
101	1373	1
101	1637	1
101	1917	1
101	1969	1
101	2058	1
101	2141	1
103	228	1
103	252	1
103	263	1
103	492	1
103	804	1
103	806	1
103	1125	1
103	1251	1
103	1350	1
103	1451	1
103	1543	1
103	1630	1
103	1699	1
103	2033	1
103	2113	1
105	313	1
105	491	1
105	1034	1
105	1484	1
105	1594	1
106	111	1
106	112	1
106	204	1
106	936	1
111	690	1
112	204	1
115	1297	1
115	1332	1
115	1446	1
115	1605	1
115	1848	1
115	2067	1
117	211	1
117	1037	1
117	1125	1
117	1630	1
117	1828	1
117	2025	1
117	2033	1
125	743	1
125	782	1
125	1718	1
131	544	1
131	546	1
131	567	1
131	866	1
131	1037	1
131	1086	1
131	1184	1
131	1369	1
131	1444	1
131	1561	1
131	1869	1
131	2051	1
140	174	1
140	222	1
140	268	1
140	293	1
140	491	1
140	579	1
140	950	1
140	967	1
140	1034	1
140	1088	1
140	1484	1
140	1532	1
140	1688	1
140	1834	1
140	1935	1
140	1943	1
140	1965	1
140	2007	1
143	608	1
143	683	1
143	696	1
143	917	1
143	1816	1
143	1977	1
157	175	1
157	550	1
157	818	1
157	996	1
157	1736	1
157	2128	1
160	405	1
160	579	1
160	676	1
160	856	1
160	1006	1
160	1085	1
160	1134	1
160	1496	1
160	1648	1
160	1719	1
163	179	1
163	1424	1
163	1680	1
165	175	1
165	818	1
165	856	1
165	1041	1
166	866	1
167	1925	1
167	1972	1
167	1992	1
174	1034	1
174	1484	1
174	2007	1
175	185	1
175	371	1
175	996	1
175	1001	1
175	1490	1
175	1622	1
175	1736	1
175	1917	1
176	1526	1
176	1971	1
177	192	1
177	237	1
177	239	1
177	436	1
177	513	1
177	671	1
177	700	1
177	740	1
177	1182	1
177	1985	1
179	1424	1
179	1680	1
181	492	1
181	1115	1
181	1125	1
181	1127	1
181	1134	1
181	1140	1
181	1284	1
181	1775	1
181	1916	1
181	2012	1
181	2050	1
185	950	1
185	1034	1
185	1167	1
185	1208	1
185	1484	1
185	1622	1
185	1763	1
185	1830	1
188	421	1
188	771	1
188	781	1
188	935	1
188	1034	1
188	1064	1
188	1301	1
188	1336	1
188	1348	1
188	1377	1
188	1633	1
188	1752	1
188	1902	1
191	194	1
191	195	1
191	975	1
191	1097	1
191	1122	1
191	1160	1
191	1171	1
191	1309	1
191	1491	1
191	1492	1
191	1534	1
191	1553	1
191	1754	1
191	2047	1
191	2107	1
191	2140	1
192	234	1
192	237	1
192	238	1
192	239	1
192	270	1
192	415	1
192	436	1
192	513	1
192	671	1
192	740	1
192	1178	1
192	1182	1
192	1326	1
192	1904	1
192	1931	1
192	1985	1
192	2142	1
194	195	1
194	211	1
194	293	1
194	781	1
194	975	1
194	1097	1
194	1160	1
194	1309	1
194	1393	1
194	1491	1
194	1492	1
194	1534	1
194	1539	1
194	1553	1
194	1798	1
194	1822	1
194	1867	1
194	2023	1
194	2047	1
194	2107	1
194	2140	1
195	975	1
195	1097	1
195	1309	1
195	1491	1
195	1492	1
195	1534	1
195	1553	1
195	1822	1
198	353	1
198	400	1
198	492	1
198	791	1
198	1020	1
198	1122	1
198	1124	1
198	1125	1
198	1145	1
198	1295	1
198	1579	1
198	1630	1
198	1712	1
198	2089	1
200	253	1
200	354	1
200	371	1
200	471	1
200	652	1
200	1029	1
200	1141	1
200	1279	1
200	1512	1
200	1516	1
200	1577	1
200	1613	1
200	1691	1
200	1696	1
200	1713	1
200	1767	1
200	1800	1
200	1848	1
200	1909	1
200	2022	1
202	228	1
202	252	1
202	492	1
202	579	1
202	800	1
202	1037	1
202	1107	1
202	1125	1
202	1543	1
202	1630	1
202	1699	1
202	2033	1
207	738	1
207	755	1
207	1058	1
207	1288	1
207	1643	1
207	1958	1
207	2057	1
209	313	1
209	421	1
209	618	1
209	728	1
209	789	1
209	790	1
209	921	1
211	1630	1
211	2033	1
211	2038	1
216	527	1
217	1195	1
217	1368	1
218	1163	1
222	268	1
222	293	1
222	579	1
222	856	1
222	950	1
222	967	1
222	1034	1
222	1093	1
222	1144	1
222	1167	1
222	1328	1
222	1484	1
222	1622	1
222	1688	1
222	1947	1
223	1274	1
223	1410	1
227	1310	1
227	1464	1
228	252	1
228	882	1
228	1251	1
228	1451	1
228	1543	1
228	1699	1
229	1302	1
229	1655	1
229	1888	1
234	700	1
235	487	1
238	700	1
238	1182	1
238	1904	1
239	700	1
248	1261	1
248	1554	1
248	1574	1
248	2017	1
252	392	1
252	800	1
252	801	1
252	802	1
252	805	1
252	882	1
252	1107	1
252	1200	1
252	1251	1
252	1451	1
252	1543	1
252	1699	1
253	435	1
253	473	1
253	534	1
253	572	1
253	652	1
253	706	1
253	707	1
253	770	1
253	810	1
253	828	1
253	1029	1
253	1141	1
253	1249	1
253	1278	1
253	1279	1
253	1512	1
253	1567	1
253	1577	1
253	1613	1
253	1691	1
253	1696	1
253	1713	1
253	1767	1
253	1800	1
253	1848	1
253	1880	1
253	1892	1
253	1909	1
253	1930	1
253	1982	1
253	2022	1
253	2078	1
253	2094	1
259	273	1
259	1101	1
259	1154	1
259	1273	1
259	1509	1
259	1595	1
259	1742	1
259	1755	1
259	1772	1
259	1813	1
259	1841	1
259	1876	1
259	1913	1
259	1961	1
259	2053	1
259	2058	1
259	2107	1
263	804	1
263	2113	1
267	353	1
267	1037	1
267	1678	1
267	2038	1
268	950	1
268	967	1
268	1034	1
268	1093	1
268	1167	1
268	1328	1
268	1484	1
268	1688	1
268	1947	1
269	973	1
269	1027	1
269	1969	1
269	2141	1
270	1182	1
270	1904	1
273	422	1
273	591	1
273	688	1
273	689	1
273	1101	1
273	1385	1
273	1414	1
273	1502	1
273	1509	1
273	1515	1
273	1571	1
273	1595	1
273	1772	1
273	1807	1
273	1841	1
273	1876	1
273	1913	1
273	1961	1
273	2053	1
273	2058	1
273	2107	1
282	438	1
282	973	1
282	1033	1
282	1138	1
282	1552	1
282	1729	1
282	1917	1
282	2054	1
282	2141	1
288	313	1
288	397	1
288	794	1
288	914	1
288	1165	1
293	354	1
293	433	1
293	443	1
293	504	1
293	539	1
293	579	1
293	583	1
293	615	1
293	690	1
293	721	1
293	781	1
293	790	1
293	834	1
293	936	1
293	1006	1
293	1034	1
293	1096	1
293	1116	1
293	1141	1
293	1144	1
293	1153	1
293	1171	1
293	1310	1
293	1337	1
293	1424	1
293	1484	1
293	1487	1
293	1492	1
293	1501	1
293	1502	1
293	1509	1
293	1622	1
293	1649	1
293	2062	1
293	2107	1
302	303	1
303	631	1
303	779	1
303	835	1
309	420	1
309	488	1
313	414	1
313	443	1
313	452	1
313	468	1
313	491	1
313	546	1
313	579	1
313	683	1
313	689	1
313	950	1
313	1034	1
313	1064	1
313	1157	1
313	1167	1
313	1221	1
313	1484	1
313	1492	1
313	1648	1
313	1961	1
315	391	1
315	468	1
315	583	1
315	1005	1
315	1165	1
315	1612	1
315	1768	1
321	656	1
327	1022	1
327	1147	1
327	1165	1
327	1917	1
327	2141	1
328	352	1
328	369	1
328	492	1
328	582	1
328	946	1
328	1621	1
335	352	1
335	441	1
335	682	1
335	683	1
335	817	1
335	838	1
335	973	1
335	1165	1
342	344	1
342	400	1
342	813	1
344	400	1
344	463	1
344	579	1
344	837	1
344	847	1
344	1108	1
344	1416	1
352	375	1
352	463	1
352	537	1
352	550	1
352	582	1
352	708	1
352	772	1
352	822	1
352	837	1
352	946	1
352	971	1
352	1500	1
352	1630	1
352	1721	1
352	1723	1
352	1725	1
352	1726	1
352	1732	1
352	1808	1
352	1887	1
352	2033	1
352	2050	1
352	2071	1
352	2098	1
353	392	1
353	492	1
353	601	1
353	731	1
353	801	1
353	802	1
353	805	1
353	806	1
353	807	1
353	968	1
353	1020	1
353	1037	1
353	1122	1
353	1124	1
353	1125	1
353	1127	1
353	1426	1
353	1542	1
353	1630	1
353	1712	1
353	1735	1
353	1828	1
353	2025	1
353	2050	1
354	369	1
354	383	1
354	384	1
354	403	1
354	405	1
354	441	1
354	579	1
354	583	1
354	652	1
354	856	1
354	888	1
354	921	1
354	1034	1
354	1093	1
354	1484	1
354	2141	1
355	657	1
355	658	1
355	1063	1
359	518	1
359	950	1
359	1196	1
359	1221	1
359	1487	1
359	1575	1
369	433	1
369	1586	1
371	473	1
371	1037	1
371	1141	1
371	1487	1
371	1512	1
371	1982	1
371	2078	1
371	2144	1
375	405	1
375	579	1
375	971	1
375	1500	1
375	2126	1
383	384	1
383	403	1
383	405	1
383	579	1
383	615	1
383	676	1
383	711	1
383	856	1
383	866	1
383	1087	1
383	1134	1
383	1487	1
383	1491	1
383	1649	1
383	1916	1
384	405	1
384	551	1
384	579	1
384	856	1
384	866	1
384	946	1
384	1087	1
384	1134	1
384	1649	1
384	1916	1
391	579	1
391	583	1
391	682	1
391	1320	1
392	720	1
392	750	1
392	800	1
392	1125	1
392	1175	1
392	1453	1
395	639	1
395	722	1
395	970	1
395	1108	1
395	1942	1
397	914	1
400	405	1
400	463	1
400	633	1
400	720	1
400	772	1
400	813	1
400	816	1
400	822	1
400	823	1
400	837	1
400	971	1
400	1339	1
400	1357	1
400	1416	1
400	1911	1
403	504	1
403	553	1
403	657	1
403	721	1
405	506	1
405	551	1
405	579	1
405	662	1
405	676	1
405	688	1
405	689	1
405	690	1
405	788	1
405	818	1
405	856	1
405	1006	1
405	1085	1
405	1496	1
405	1509	1
405	1649	1
406	432	1
406	508	1
406	622	1
406	623	1
406	838	1
414	486	1
414	1034	1
414	1312	1
414	1484	1
415	700	1
420	1266	1
420	1649	1
421	483	1
421	484	1
421	512	1
421	558	1
421	567	1
421	618	1
421	644	1
421	660	1
421	694	1
421	725	1
421	789	1
421	790	1
421	808	1
421	820	1
421	994	1
421	1100	1
421	1159	1
421	1252	1
421	1336	1
421	1631	1
421	1667	1
421	1798	1
421	1867	1
421	1934	1
421	2023	1
422	591	1
422	686	1
422	1034	1
422	1037	1
422	1630	1
422	1653	1
422	1678	1
426	1343	1
426	1452	1
426	1776	1
426	2066	1
432	459	1
432	838	1
432	942	1
432	979	1
433	492	1
433	540	1
433	571	1
433	585	1
433	629	1
433	630	1
433	631	1
433	684	1
433	772	1
433	775	1
433	791	1
433	793	1
433	796	1
433	809	1
433	813	1
433	817	1
433	823	1
433	834	1
433	835	1
433	886	1
433	913	1
433	915	1
433	937	1
433	946	1
433	971	1
433	1049	1
433	1654	1
433	1669	1
435	473	1
435	534	1
435	572	1
435	706	1
435	707	1
435	719	1
435	770	1
435	810	1
435	828	1
435	2053	1
436	513	1
436	671	1
436	700	1
436	740	1
438	838	1
438	973	1
438	994	1
438	1027	1
438	1033	1
438	1138	1
438	1552	1
438	2141	1
441	463	1
441	487	1
441	550	1
441	603	1
441	897	1
441	904	1
441	921	1
441	924	1
441	1034	1
441	1143	1
441	1402	1
441	2005	1
441	2053	1
441	2062	1
441	2141	1
443	452	1
443	473	1
443	519	1
443	520	1
443	558	1
443	673	1
443	891	1
443	921	1
443	975	1
443	1130	1
443	1131	1
443	1133	1
443	1135	1
443	1136	1
443	1143	1
443	1160	1
443	1171	1
443	1203	1
443	1223	1
443	1248	1
446	482	1
446	483	1
446	484	1
446	485	1
446	509	1
446	510	1
446	511	1
446	512	1
446	618	1
446	660	1
446	661	1
446	694	1
446	763	1
446	1629	1
446	1631	1
446	2018	1
452	468	1
452	673	1
452	818	1
452	975	1
452	1130	1
452	1131	1
452	1133	1
452	1171	1
452	1223	1
452	1248	1
452	1822	1
452	2060	1
459	508	1
459	550	1
459	622	1
459	623	1
459	838	1
459	979	1
459	1052	1
459	1531	1
463	487	1
463	813	1
463	921	1
463	1153	1
468	579	1
468	583	1
468	846	1
468	1034	1
468	1041	1
468	1224	1
468	1370	1
471	652	1
471	1029	1
471	1129	1
471	1141	1
471	1249	1
471	1278	1
471	1512	1
471	1567	1
471	1613	1
471	1691	1
471	1696	1
471	1713	1
471	1767	1
471	1800	1
471	1848	1
471	1880	1
471	1909	1
471	1982	1
471	2022	1
471	2078	1
471	2094	1
473	487	1
473	519	1
473	520	1
473	534	1
473	546	1
473	558	1
473	572	1
473	579	1
473	683	1
473	689	1
473	706	1
473	707	1
473	719	1
473	770	1
473	810	1
473	828	1
473	891	1
473	946	1
473	1029	1
473	1141	1
473	1379	1
473	1492	1
473	1691	1
473	1767	1
473	1776	1
473	1828	1
473	2053	1
473	2118	1
475	550	1
475	672	1
475	2005	1
475	2062	1
476	544	1
476	545	1
476	546	1
476	662	1
476	1082	1
476	1719	1
482	483	1
482	484	1
482	485	1
482	509	1
482	510	1
482	511	1
482	512	1
482	567	1
482	660	1
482	661	1
482	694	1
482	728	1
482	763	1
482	790	1
482	994	1
482	1629	1
482	2018	1
483	484	1
483	485	1
483	509	1
483	510	1
483	511	1
483	512	1
483	567	1
483	618	1
483	660	1
483	661	1
483	694	1
483	728	1
483	763	1
483	789	1
483	790	1
483	808	1
483	846	1
483	994	1
483	1041	1
483	1100	1
483	1629	1
483	1631	1
483	2018	1
483	2037	1
484	485	1
484	509	1
484	510	1
484	583	1
484	618	1
484	660	1
484	661	1
484	763	1
484	789	1
484	1629	1
484	1631	1
485	487	1
485	492	1
485	509	1
485	510	1
485	511	1
485	512	1
485	660	1
485	661	1
485	763	1
485	1041	1
485	1629	1
486	1312	1
487	729	1
487	846	1
487	897	1
487	904	1
487	921	1
487	924	1
487	1041	1
487	1143	1
487	1377	1
487	2005	1
487	2062	1
487	2128	1
487	2141	1
490	1250	1
490	1558	1
490	1844	1
491	1001	1
491	1034	1
491	1484	1
492	537	1
492	708	1
492	805	1
492	839	1
492	887	1
492	899	1
492	997	1
492	1020	1
492	1037	1
492	1115	1
492	1122	1
492	1125	1
492	1140	1
492	1173	1
492	1174	1
492	1316	1
492	1621	1
492	1630	1
492	1775	1
492	2012	1
492	2033	1
504	553	1
504	579	1
504	721	1
504	866	1
508	550	1
508	622	1
508	623	1
508	838	1
508	942	1
508	979	1
508	1043	1
508	1531	1
509	510	1
509	661	1
509	763	1
509	1629	1
510	511	1
510	512	1
510	660	1
510	661	1
510	763	1
510	790	1
510	1629	1
510	2018	1
511	512	1
511	660	1
511	661	1
511	1629	1
512	567	1
512	618	1
512	660	1
512	661	1
512	789	1
512	790	1
512	1629	1
513	671	1
513	700	1
513	1182	1
513	1985	1
518	1034	1
518	1157	1
518	1221	1
519	520	1
519	539	1
519	558	1
519	673	1
520	558	1
520	891	1
527	641	1
527	745	1
534	706	1
534	707	1
534	719	1
534	810	1
534	828	1
534	1767	1
534	2053	1
537	708	1
537	2050	1
539	682	1
539	698	1
539	699	1
539	1050	1
539	1051	1
539	1276	1
544	545	1
544	546	1
544	662	1
544	818	1
544	856	1
544	1082	1
544	1719	1
544	1885	1
544	2060	1
545	546	1
545	662	1
545	818	1
545	856	1
545	971	1
545	1082	1
545	1630	1
546	662	1
546	818	1
546	856	1
546	1043	1
546	1082	1
546	1086	1
546	1885	1
546	2060	1
546	2141	1
550	579	1
550	667	1
550	672	1
550	846	1
550	894	1
550	917	1
550	1034	1
550	1116	1
550	1245	1
550	1487	1
550	1491	1
550	1501	1
550	1595	1
550	1954	1
550	2005	1
550	2053	1
550	2058	1
550	2062	1
550	2107	1
551	818	1
551	935	1
551	1006	1
551	1344	1
551	1348	1
551	1633	1
553	721	1
558	707	1
558	891	1
558	1029	1
558	1350	1
558	1586	1
558	2118	1
567	618	1
567	644	1
567	660	1
567	728	1
567	789	1
567	790	1
567	808	1
567	994	1
567	1086	1
567	1100	1
567	1159	1
567	1631	1
567	2051	1
571	629	1
571	684	1
571	779	1
571	795	1
571	830	1
571	834	1
571	835	1
571	913	1
572	810	1
579	585	1
579	595	1
579	615	1
579	627	1
579	630	1
579	631	1
579	676	1
579	689	1
579	690	1
579	711	1
579	721	1
579	786	1
579	798	1
579	921	1
579	936	1
579	946	1
579	950	1
579	1006	1
579	1085	1
579	1086	1
579	1134	1
579	1162	1
579	1167	1
579	1267	1
579	1414	1
579	1465	1
579	1484	1
579	1487	1
579	1496	1
579	1502	1
579	1612	1
579	1648	1
579	1649	1
579	1654	1
579	1719	1
579	1880	1
579	1912	1
579	2051	1
579	2053	1
582	776	1
582	823	1
582	887	1
582	998	1
582	1037	1
582	1115	1
582	1316	1
582	1350	1
582	1500	1
582	1606	1
582	1630	1
582	1734	1
582	1775	1
582	1825	1
582	1971	1
582	2033	1
582	2050	1
582	2126	1
583	1005	1
583	1034	1
583	1044	1
583	1162	1
583	1487	1
585	631	1
585	779	1
585	795	1
585	830	1
585	913	1
585	937	1
585	971	1
585	1654	1
591	1405	1
591	1653	1
591	1678	1
595	615	1
595	711	1
595	721	1
595	725	1
595	726	1
601	1678	1
601	2033	1
601	2038	1
603	921	1
603	973	1
603	1402	1
608	683	1
608	696	1
608	731	1
608	888	1
608	916	1
608	917	1
608	1586	1
608	1816	1
608	1977	1
615	711	1
615	721	1
615	726	1
615	771	1
615	1037	1
618	644	1
618	660	1
618	694	1
618	789	1
618	790	1
618	808	1
618	994	1
618	1100	1
618	1159	1
618	1631	1
622	749	1
622	838	1
622	942	1
622	1052	1
623	749	1
623	942	1
623	1052	1
627	690	1
627	1267	1
627	1612	1
627	1649	1
627	1912	1
629	631	1
629	779	1
629	786	1
629	820	1
629	830	1
629	834	1
629	1153	1
631	684	1
631	772	1
631	835	1
631	886	1
631	2102	1
633	813	1
639	722	1
639	741	1
639	970	1
639	989	1
639	1108	1
639	1942	1
644	789	1
652	1029	1
652	1129	1
652	1141	1
652	1249	1
652	1278	1
652	1279	1
652	1512	1
652	1567	1
652	1577	1
652	1613	1
652	1691	1
652	1696	1
652	1713	1
652	1767	1
652	1800	1
652	1848	1
652	1880	1
652	1892	1
652	1909	1
652	1982	1
652	2022	1
652	2078	1
652	2094	1
656	818	1
656	856	1
656	888	1
656	1277	1
656	1386	1
656	1535	1
656	1576	1
656	1777	1
656	1868	1
656	2058	1
657	658	1
657	1063	1
658	1063	1
660	661	1
660	694	1
660	728	1
660	763	1
660	789	1
660	790	1
660	808	1
660	994	1
660	1100	1
660	1629	1
660	1631	1
660	2018	1
660	2037	1
661	763	1
661	1629	1
662	818	1
662	856	1
662	1082	1
662	1719	1
662	1885	1
662	2060	1
667	1464	1
667	1533	1
667	1921	1
671	700	1
671	1182	1
672	973	1
672	2062	1
672	2100	1
672	2141	1
673	917	1
673	975	1
673	1130	1
673	1133	1
673	1171	1
673	1822	1
676	1006	1
676	1085	1
676	1134	1
676	1496	1
676	1648	1
676	1916	1
682	698	1
682	699	1
682	1022	1
682	1050	1
682	1051	1
682	1165	1
682	1276	1
683	696	1
683	916	1
683	917	1
683	1022	1
683	1037	1
683	1041	1
683	1165	1
683	1379	1
683	1977	1
684	791	1
684	830	1
684	1135	1
684	1136	1
684	1350	1
684	1669	1
684	1889	1
686	1034	1
686	1405	1
686	1653	1
686	1678	1
688	691	1
688	950	1
688	1034	1
688	1414	1
688	1484	1
688	1502	1
688	1515	1
688	1571	1
688	1622	1
689	856	1
689	1034	1
689	1093	1
689	1263	1
689	1397	1
689	1414	1
689	1436	1
689	1484	1
689	1502	1
689	1503	1
689	1515	1
689	1571	1
689	1622	1
689	1880	1
690	936	1
690	1492	1
690	1649	1
690	1719	1
690	1935	1
690	1961	1
691	1034	1
691	1622	1
692	781	1
692	917	1
692	1116	1
692	1622	1
692	1793	1
692	1934	1
692	1954	1
692	2127	1
694	728	1
694	789	1
694	790	1
694	994	1
694	1100	1
694	1159	1
694	1631	1
694	2037	1
696	916	1
696	917	1
696	1586	1
696	1816	1
696	1977	1
698	699	1
699	1050	1
700	740	1
700	1182	1
700	1985	1
700	2142	1
705	951	1
706	719	1
706	810	1
706	828	1
707	810	1
707	891	1
707	1711	1
707	1909	1
707	2118	1
711	721	1
711	726	1
711	1649	1
719	770	1
720	800	1
720	801	1
720	802	1
720	805	1
720	806	1
720	807	1
721	936	1
721	1006	1
721	1134	1
721	1352	1
721	1496	1
721	1719	1
721	1803	1
722	741	1
722	970	1
722	989	1
722	1108	1
722	1942	1
724	1006	1
724	1134	1
724	1527	1
724	1681	1
724	1875	1
724	1916	1
728	763	1
728	789	1
728	790	1
728	994	1
728	1159	1
728	1631	1
728	1729	1
729	1310	1
729	1668	1
729	1698	1
729	1743	1
731	1586	1
731	1816	1
731	1977	1
738	755	1
738	1008	1
738	1058	1
738	1288	1
738	1643	1
738	1958	1
738	2057	1
741	970	1
741	1108	1
741	1942	1
743	1225	1
743	1718	1
749	838	1
749	1531	1
750	1175	1
750	1426	1
750	1453	1
750	1981	1
751	959	1
751	1398	1
751	1399	1
751	1438	1
751	1548	1
751	1709	1
752	2073	1
753	767	1
755	1058	1
755	1288	1
755	1643	1
755	1958	1
755	2057	1
763	789	1
763	1041	1
763	1100	1
763	1629	1
763	1631	1
767	768	1
770	810	1
770	1141	1
771	781	1
771	1064	1
771	1336	1
771	1595	1
771	1633	1
771	1841	1
771	2005	1
771	2107	1
772	779	1
772	791	1
772	795	1
772	830	1
775	779	1
775	795	1
776	1500	1
776	1606	1
776	1734	1
776	1775	1
776	2126	1
779	791	1
779	809	1
779	816	1
779	823	1
779	830	1
779	832	1
779	833	1
779	835	1
779	913	1
779	915	1
779	937	1
779	1669	1
779	1857	1
779	2102	1
781	856	1
781	917	1
781	935	1
781	1034	1
781	1087	1
781	1116	1
781	1269	1
781	1275	1
781	1298	1
781	1336	1
781	1348	1
781	1395	1
781	1484	1
781	1491	1
781	1492	1
781	1553	1
781	1580	1
781	1633	1
781	1689	1
781	1738	1
781	1793	1
781	1798	1
781	1809	1
781	1867	1
781	1934	1
781	1954	1
781	2023	1
781	2032	1
781	2127	1
786	792	1
786	813	1
789	790	1
789	808	1
789	994	1
789	1100	1
789	1159	1
789	1631	1
790	808	1
790	933	1
790	994	1
790	1100	1
790	1159	1
790	1631	1
790	2037	1
791	813	1
791	830	1
791	835	1
791	886	1
791	1153	1
791	1194	1
791	1339	1
791	1417	1
791	1429	1
791	1479	1
791	1524	1
791	1544	1
791	1654	1
791	1664	1
791	1721	1
791	1723	1
791	1726	1
791	1759	1
791	1808	1
791	1831	1
791	1835	1
791	1849	1
791	1865	1
791	1897	1
791	1905	1
791	1932	1
791	2071	1
792	1153	1
793	813	1
793	1153	1
794	856	1
795	798	1
795	813	1
795	832	1
795	1171	1
795	1669	1
796	1153	1
798	813	1
798	830	1
798	2050	1
800	801	1
800	805	1
800	806	1
800	807	1
800	1125	1
800	1175	1
800	1251	1
800	1350	1
800	1426	1
800	1453	1
800	1543	1
800	1630	1
800	1981	1
801	805	1
801	806	1
801	807	1
801	1125	1
801	1175	1
801	1426	1
801	1453	1
801	1981	1
802	806	1
802	807	1
802	1125	1
802	1175	1
802	1426	1
802	1451	1
802	1453	1
802	1981	1
804	2003	1
804	2082	1
804	2112	1
804	2113	1
805	1125	1
805	1175	1
805	1426	1
805	1630	1
805	1699	1
806	1125	1
806	1175	1
806	1426	1
806	1453	1
806	1543	1
806	1630	1
806	1699	1
807	1125	1
807	1175	1
807	1426	1
807	1453	1
807	1630	1
808	1100	1
808	1159	1
809	830	1
809	913	1
810	828	1
810	1577	1
810	1909	1
810	2118	1
813	817	1
813	847	1
813	1153	1
816	913	1
816	971	1
816	1907	1
818	838	1
818	856	1
818	888	1
818	950	1
818	982	1
818	983	1
818	1034	1
818	1082	1
818	1136	1
818	1167	1
818	1203	1
818	1386	1
818	1492	1
818	1633	1
818	1885	1
818	2060	1
818	2128	1
820	834	1
823	835	1
829	846	1
829	863	1
829	995	1
829	1005	1
829	1041	1
829	1042	1
829	1043	1
829	1044	1
829	1045	1
829	1096	1
829	1120	1
829	1153	1
829	1162	1
829	1224	1
829	1337	1
829	1370	1
829	1401	1
829	1405	1
829	1407	1
829	1461	1
829	1501	1
829	1511	1
829	1516	1
829	1623	1
829	1784	1
829	1860	1
829	1966	1
829	2062	1
830	832	1
830	913	1
830	937	1
830	2102	1
832	913	1
832	937	1
833	913	1
834	1153	1
835	913	1
835	937	1
835	1153	1
835	1654	1
837	856	1
838	942	1
838	979	1
838	1052	1
838	1531	1
838	2058	1
839	997	1
839	1115	1
839	2085	1
846	1005	1
846	1041	1
846	1044	1
846	1096	1
846	1153	1
846	1224	1
846	1291	1
846	1320	1
846	1324	1
846	1348	1
846	1370	1
846	1401	1
846	1407	1
846	1516	1
846	1549	1
846	1633	1
846	1784	1
846	1860	1
846	2005	1
846	2062	1
856	866	1
856	917	1
856	950	1
856	967	1
856	982	1
856	983	1
856	1034	1
856	1082	1
856	1093	1
856	1167	1
856	1313	1
856	1328	1
856	1357	1
856	1429	1
856	1484	1
856	1594	1
856	1649	1
856	1885	1
856	2054	1
856	2060	1
863	1042	1
863	1119	1
863	1120	1
863	1457	1
866	921	1
866	971	1
866	1630	1
882	1543	1
882	1699	1
887	1350	1
888	950	1
888	1487	1
888	1885	1
888	2060	1
891	921	1
891	1171	1
891	1487	1
894	1352	1
894	1719	1
894	1818	1
897	904	1
897	921	1
897	924	1
897	1143	1
897	1516	1
897	1637	1
897	2005	1
897	2062	1
899	1037	1
899	1125	1
899	1621	1
899	1630	1
904	921	1
904	924	1
904	1414	1
904	1503	1
904	1571	1
907	1049	1
907	1105	1
907	1431	1
907	1529	1
907	1635	1
907	1838	1
907	2066	1
907	2088	1
913	937	1
913	971	1
913	1421	1
915	1153	1
915	1500	1
915	1524	1
915	1544	1
915	1664	1
915	1723	1
915	1887	1
915	2087	1
915	2097	1
916	1379	1
916	1586	1
916	1816	1
916	1977	1
917	1005	1
917	1034	1
917	1116	1
917	1171	1
917	1487	1
917	1622	1
917	1954	1
917	1977	1
917	2038	1
917	2127	1
921	924	1
921	946	1
921	1034	1
921	1042	1
921	1143	1
921	1144	1
921	1301	1
921	1377	1
921	1484	1
921	1487	1
921	2005	1
921	2062	1
921	2128	1
924	1143	1
924	1402	1
933	2018	1
935	1034	1
935	1344	1
935	1348	1
935	1633	1
936	1401	1
936	1649	1
937	1669	1
946	971	1
950	967	1
950	982	1
950	1007	1
950	1034	1
950	1093	1
950	1162	1
950	1167	1
950	1196	1
950	1221	1
950	1328	1
950	1386	1
950	1484	1
950	1575	1
950	1622	1
950	1688	1
950	1885	1
950	1947	1
950	2060	1
951	1048	1
951	1316	1
951	1406	1
951	1582	1
954	1352	1
954	1553	1
959	1709	1
967	1001	1
967	1034	1
967	1093	1
967	1167	1
967	1328	1
967	1484	1
967	1688	1
967	1947	1
968	1125	1
968	1127	1
968	1145	1
970	989	1
970	1108	1
970	1942	1
971	2005	1
973	1027	1
973	1033	1
973	1138	1
973	1637	1
973	1917	1
973	1969	1
973	2141	1
975	1097	1
975	1130	1
975	1131	1
975	1133	1
975	1171	1
975	1223	1
975	1248	1
975	1309	1
975	1491	1
975	1492	1
975	1534	1
975	1754	1
975	2047	1
975	2107	1
975	2140	1
977	1085	1
977	1764	1
977	1997	1
977	1998	1
977	1999	1
982	983	1
982	1885	1
983	1885	1
983	2060	1
989	1108	1
994	1159	1
995	1044	1
995	1045	1
995	1162	1
995	1291	1
995	1501	1
995	1645	1
995	1687	1
995	2039	1
996	1736	1
996	2128	1
1001	1034	1
1005	1041	1
1005	1291	1
1005	1511	1
1005	1768	1
1006	1085	1
1006	1509	1
1006	2141	1
1008	1058	1
1009	1277	1
1009	1289	1
1009	1694	1
1020	1122	1
1020	1124	1
1020	1125	1
1020	1145	1
1020	1630	1
1027	1033	1
1027	2141	1
1029	1129	1
1029	1141	1
1029	1512	1
1029	1516	1
1029	1567	1
1029	1577	1
1029	1691	1
1029	1696	1
1029	1713	1
1029	1767	1
1029	1800	1
1029	1848	1
1029	1880	1
1029	1892	1
1029	1909	1
1029	1930	1
1029	1982	1
1029	2022	1
1029	2078	1
1033	1138	1
1033	1917	1
1033	2141	1
1034	1064	1
1034	1088	1
1034	1093	1
1034	1101	1
1034	1157	1
1034	1162	1
1034	1167	1
1034	1193	1
1034	1208	1
1034	1328	1
1034	1336	1
1034	1461	1
1034	1474	1
1034	1483	1
1034	1484	1
1034	1487	1
1034	1532	1
1034	1594	1
1034	1622	1
1034	1633	1
1034	1653	1
1034	1688	1
1034	1754	1
1034	1763	1
1034	1791	1
1034	1804	1
1034	1830	1
1034	1834	1
1034	1935	1
1034	1943	1
1034	1947	1
1034	1961	1
1034	1965	1
1034	2007	1
1034	2053	1
1034	2054	1
1034	2128	1
1037	1081	1
1037	1107	1
1037	1251	1
1037	1630	1
1037	1678	1
1037	1699	1
1037	2033	1
1037	2038	1
1037	2085	1
1037	2093	1
1041	1122	1
1041	1153	1
1041	1162	1
1041	1224	1
1041	1291	1
1041	1320	1
1041	1324	1
1041	1370	1
1041	1377	1
1041	1401	1
1041	1407	1
1041	1501	1
1041	1516	1
1041	1549	1
1041	1630	1
1041	1645	1
1041	1687	1
1041	1784	1
1041	1860	1
1041	1966	1
1041	2005	1
1041	2039	1
1041	2062	1
1042	1119	1
1042	1120	1
1042	1122	1
1042	1153	1
1042	1291	1
1042	1377	1
1042	1501	1
1042	1645	1
1042	1687	1
1042	1966	1
1042	2039	1
1043	1122	1
1043	1153	1
1043	1291	1
1043	1501	1
1043	1511	1
1043	1645	1
1043	1687	1
1043	1941	1
1043	1945	1
1043	1966	1
1043	2039	1
1044	1045	1
1044	1153	1
1044	1162	1
1044	1167	1
1044	1291	1
1044	1292	1
1044	1405	1
1044	1461	1
1044	1501	1
1044	1623	1
1044	1645	1
1044	1687	1
1044	1768	1
1044	1966	1
1044	2039	1
1045	1153	1
1045	1162	1
1045	1291	1
1045	1292	1
1045	1405	1
1045	1461	1
1045	1501	1
1045	1623	1
1045	1645	1
1045	1687	1
1045	1966	1
1045	2039	1
1046	1048	1
1046	1236	1
1046	1316	1
1046	1319	1
1046	1406	1
1046	1565	1
1046	1582	1
1048	1236	1
1048	1316	1
1048	1319	1
1048	1406	1
1048	1565	1
1048	1582	1
1049	1105	1
1049	1210	1
1049	1431	1
1049	1500	1
1049	1529	1
1049	1635	1
1049	1752	1
1049	1838	1
1049	1856	1
1049	2066	1
1049	2088	1
1050	1051	1
1050	1276	1
1050	1482	1
1051	1276	1
1051	1482	1
1058	1288	1
1058	1643	1
1058	1958	1
1058	2057	1
1064	1157	1
1064	1301	1
1064	1348	1
1064	1377	1
1064	1487	1
1064	1633	1
1064	1752	1
1064	1902	1
1081	1439	1
1081	1621	1
1081	1735	1
1081	1828	1
1081	2025	1
1082	1086	1
1082	1768	1
1082	1885	1
1082	2060	1
1085	1465	1
1085	1496	1
1085	1612	1
1085	1764	1
1085	1998	1
1085	1999	1
1086	1184	1
1086	1369	1
1086	1444	1
1086	1869	1
1086	2051	1
1087	1116	1
1087	1275	1
1087	1395	1
1087	1487	1
1087	1954	1
1087	2032	1
1088	1484	1
1088	1834	1
1088	1935	1
1093	1167	1
1093	1328	1
1093	1484	1
1093	1502	1
1093	1688	1
1096	1337	1
1096	1370	1
1096	1760	1
1097	1160	1
1097	1171	1
1097	1218	1
1097	1309	1
1097	1393	1
1097	1491	1
1097	1492	1
1097	1534	1
1097	1553	1
1097	1822	1
1097	2021	1
1097	2047	1
1097	2107	1
1100	1159	1
1101	1167	1
1101	1484	1
1101	1509	1
1101	1595	1
1101	1755	1
1101	1772	1
1101	1841	1
1101	1876	1
1101	1961	1
1101	2053	1
1101	2058	1
1101	2107	1
1105	1210	1
1105	1431	1
1105	1529	1
1105	1635	1
1105	1838	1
1105	1856	1
1105	2066	1
1105	2088	1
1107	1251	1
1107	1543	1
1107	1630	1
1107	1699	1
1107	2053	1
1108	1942	1
1115	1621	1
1115	1734	1
1115	1766	1
1115	1775	1
1115	1996	1
1115	2012	1
1115	2085	1
1115	2126	1
1116	1269	1
1116	1275	1
1116	1395	1
1116	1934	1
1116	1954	1
1116	2032	1
1116	2127	1
1119	1120	1
1119	1153	1
1119	1291	1
1119	1377	1
1119	1511	1
1120	1153	1
1120	1291	1
1120	1511	1
1122	1125	1
1122	1630	1
1122	2050	1
1124	1125	1
1124	2050	1
1125	1127	1
1125	1251	1
1125	1284	1
1125	1295	1
1125	1339	1
1125	1579	1
1125	1630	1
1125	1712	1
1125	1984	1
1125	2033	1
1125	2089	1
1127	1145	1
1127	1630	1
1129	1141	1
1129	1512	1
1129	1691	1
1129	1696	1
1129	1713	1
1129	1767	1
1129	1800	1
1129	1848	1
1129	1880	1
1129	1892	1
1129	2022	1
1130	1133	1
1130	1171	1
1130	1822	1
1133	1171	1
1133	1223	1
1133	1822	1
1134	1309	1
1134	1496	1
1134	1681	1
1134	1875	1
1134	1916	1
1135	1203	1
1135	1586	1
1136	1203	1
1136	1586	1
1141	1249	1
1141	1278	1
1141	1279	1
1141	1491	1
1141	1512	1
1141	1516	1
1141	1567	1
1141	1577	1
1141	1613	1
1141	1691	1
1141	1696	1
1141	1713	1
1141	1767	1
1141	1800	1
1141	1848	1
1141	1880	1
1141	1892	1
1141	1909	1
1141	1930	1
1141	1982	1
1141	2022	1
1141	2078	1
1141	2094	1
1143	1745	1
1143	2005	1
1143	2062	1
1143	2141	1
1144	1484	1
1144	1492	1
1144	2062	1
1145	1166	1
1145	1241	1
1145	1339	1
1145	1380	1
1145	1416	1
1145	1579	1
1145	1598	1
1145	1621	1
1145	1968	1
1147	1373	1
1147	1917	1
1153	1162	1
1153	1291	1
1153	1501	1
1153	1511	1
1153	1687	1
1153	1966	1
1153	2005	1
1153	2039	1
1153	2062	1
1154	1509	1
1154	1841	1
1154	1876	1
1154	1961	1
1154	2053	1
1154	2058	1
1157	1221	1
1157	1575	1
1159	1631	1
1159	2037	1
1160	1171	1
1160	1309	1
1160	1534	1
1160	1553	1
1162	1167	1
1162	1291	1
1162	1292	1
1162	1405	1
1162	1461	1
1162	1484	1
1162	1491	1
1162	1501	1
1162	1623	1
1162	1645	1
1162	1687	1
1162	1768	1
1162	1966	1
1162	2039	1
1163	1211	1
1163	1505	1
1165	2141	1
1167	1193	1
1167	1208	1
1167	1221	1
1167	1328	1
1167	1484	1
1167	1622	1
1167	1688	1
1167	1754	1
1167	1760	1
1167	1763	1
1167	1791	1
1167	1830	1
1167	1885	1
1167	1947	1
1167	1961	1
1167	2060	1
1171	1248	1
1171	1309	1
1171	1491	1
1171	1492	1
1171	1534	1
1171	2140	1
1175	1426	1
1175	1453	1
1175	1795	1
1175	1900	1
1175	1981	1
1175	2100	1
1182	1904	1
1182	1985	1
1184	1369	1
1184	1444	1
1184	1561	1
1184	1869	1
1184	2051	1
1188	1341	1
1188	1366	1
1188	1400	1
1188	1611	1
1193	1484	1
1193	1622	1
1193	1754	1
1193	1763	1
1194	1346	1
1194	1374	1
1194	1725	1
1194	1732	1
1194	1831	1
1194	1835	1
1194	1918	1
1195	1216	1
1195	1233	1
1195	1368	1
1195	2065	1
1196	1221	1
1196	1575	1
1203	1586	1
1206	1299	1
1206	1301	1
1206	1322	1
1206	1377	1
1206	1752	1
1206	1902	1
1208	1763	1
1210	1431	1
1210	1635	1
1210	1838	1
1210	2088	1
1221	1575	1
1228	1313	1
1228	1414	1
1228	1515	1
1228	1571	1
1231	1375	1
1231	1793	1
1231	1826	1
1233	1531	1
1236	1316	1
1236	1406	1
1236	1565	1
1236	1582	1
1245	1255	1
1245	1379	1
1245	1442	1
1245	1746	1
1249	1512	1
1249	1577	1
1249	1691	1
1249	1696	1
1249	1713	1
1249	1767	1
1249	1800	1
1249	1848	1
1249	1909	1
1250	1329	1
1250	1553	1
1250	1844	1
1251	1350	1
1251	1451	1
1251	1543	1
1251	1630	1
1251	1699	1
1251	2033	1
1252	1385	1
1252	1739	1
1252	1801	1
1252	1807	1
1252	2020	1
1252	2053	1
1252	2058	1
1255	1379	1
1255	1442	1
1255	1746	1
1255	1867	1
1261	1554	1
1261	1574	1
1261	2017	1
1263	1414	1
1263	1515	1
1263	1571	1
1267	1612	1
1267	1649	1
1267	1912	1
1269	1934	1
1269	1954	1
1273	1487	1
1273	1742	1
1273	1841	1
1273	2053	1
1273	2058	1
1274	1410	1
1275	1395	1
1275	1496	1
1275	1689	1
1275	1954	1
1276	1482	1
1277	1289	1
1277	1480	1
1277	1535	1
1277	1576	1
1277	1679	1
1277	1694	1
1277	1777	1
1277	1868	1
1278	1516	1
1278	1691	1
1278	1713	1
1279	1512	1
1279	1613	1
1279	1691	1
1279	1696	1
1279	1767	1
1279	1848	1
1279	1880	1
1279	1909	1
1279	2022	1
1284	2085	1
1288	1643	1
1288	1958	1
1288	2057	1
1289	1576	1
1289	1694	1
1289	1868	1
1291	1405	1
1291	1461	1
1291	1501	1
1291	1511	1
1291	1549	1
1291	1623	1
1291	1645	1
1291	1687	1
1291	1860	1
1291	1966	1
1291	2039	1
1292	1405	1
1297	1446	1
1298	1793	1
1299	1377	1
1299	1752	1
1301	1318	1
1301	1377	1
1301	1752	1
1302	1539	1
1302	1655	1
1302	1685	1
1302	1888	1
1309	1393	1
1309	1534	1
1309	1553	1
1309	1822	1
1309	1916	1
1309	2107	1
1309	2140	1
1310	1668	1
1310	1698	1
1310	1743	1
1310	1960	1
1310	1963	1
1310	2131	1
1313	1414	1
1313	1502	1
1313	1515	1
1313	1571	1
1316	1319	1
1316	1406	1
1316	1565	1
1316	1582	1
1316	1625	1
1318	1377	1
1318	1752	1
1318	1902	1
1319	1406	1
1319	1565	1
1319	1582	1
1322	1377	1
1322	1744	1
1322	1752	1
1322	1902	1
1328	1484	1
1328	1688	1
1328	1947	1
1329	1500	1
1329	1558	1
1329	1844	1
1332	1446	1
1336	1348	1
1336	1633	1
1341	1366	1
1341	1400	1
1341	1413	1
1341	1611	1
1341	1715	1
1343	1452	1
1343	1776	1
1344	1633	1
1346	1374	1
1346	1723	1
1346	1724	1
1346	1725	1
1346	1808	1
1346	1831	1
1346	1835	1
1346	1918	1
1346	2135	1
1347	1372	1
1347	1893	1
1348	1484	1
1348	1633	1
1350	1630	1
1350	1775	1
1350	2050	1
1352	1690	1
1352	1803	1
1352	1818	1
1352	2005	1
1354	1411	1
1354	1525	1
1354	1593	1
1354	1877	1
1354	2046	1
1356	1500	1
1357	1701	1
1357	1783	1
1357	1911	1
1363	1536	1
1363	1756	1
1363	1886	1
1366	1400	1
1366	1413	1
1366	1611	1
1366	1715	1
1368	2065	1
1369	1561	1
1369	1869	1
1369	2051	1
1370	1653	1
1370	1760	1
1372	1422	1
1372	1457	1
1372	1596	1
1372	1792	1
1372	1853	1
1372	1893	1
1372	1939	1
1372	1973	1
1372	2083	1
1373	1917	1
1373	2141	1
1374	1381	1
1374	1417	1
1374	1524	1
1374	1544	1
1374	1551	1
1374	1568	1
1374	1664	1
1374	1721	1
1374	1722	1
1374	1723	1
1374	1724	1
1374	1725	1
1374	1726	1
1374	1732	1
1374	1759	1
1374	1773	1
1374	1808	1
1374	1831	1
1374	1835	1
1374	1849	1
1374	1865	1
1374	1887	1
1374	1897	1
1374	1905	1
1374	1918	1
1374	1922	1
1374	1932	1
1374	2135	1
1375	1580	1
1375	1793	1
1375	1826	1
1377	1744	1
1377	1752	1
1377	1902	1
1379	1442	1
1379	1746	1
1381	1722	1
1381	1725	1
1381	1808	1
1381	1831	1
1381	1835	1
1381	2135	1
1385	1557	1
1385	1739	1
1385	1801	1
1385	1807	1
1385	2020	1
1385	2053	1
1385	2058	1
1393	1534	1
1393	1553	1
1395	1954	1
1397	1414	1
1397	1502	1
1397	1515	1
1397	1571	1
1398	1709	1
1399	1709	1
1400	1413	1
1400	1611	1
1400	1715	1
1405	1645	1
1405	1653	1
1406	1565	1
1406	1582	1
1410	1883	1
1411	1525	1
1411	1554	1
1411	1593	1
1411	1877	1
1411	2046	1
1413	1611	1
1414	1436	1
1414	1502	1
1414	1503	1
1414	1515	1
1414	1571	1
1417	1725	1
1417	1831	1
1417	1835	1
1417	1918	1
1421	1654	1
1422	1893	1
1424	1680	1
1426	1453	1
1426	1981	1
1426	2100	1
1429	1885	1
1429	2060	1
1431	1529	1
1431	1838	1
1431	1856	1
1431	2088	1
1436	1502	1
1436	1515	1
1436	1571	1
1438	1548	1
1442	1746	1
1444	1869	1
1444	2051	1
1446	1848	1
1446	2061	1
1446	2067	1
1452	1776	1
1453	1795	1
1453	1981	1
1453	2100	1
1457	1596	1
1457	1853	1
1457	1893	1
1461	1501	1
1461	1645	1
1461	1653	1
1461	1687	1
1461	1966	1
1461	2039	1
1464	1533	1
1464	1921	1
1467	1554	1
1467	2073	1
1471	1992	1
1471	2014	1
1478	1520	1
1478	1780	1
1479	1550	1
1479	1713	1
1479	1730	1
1479	2059	1
1479	2071	1
1479	2087	1
1479	2097	1
1479	2098	1
1479	2130	1
1480	1694	1
1483	1484	1
1484	1487	1
1484	1532	1
1484	1622	1
1484	1688	1
1484	1754	1
1484	1763	1
1484	1791	1
1484	1830	1
1484	1834	1
1484	1935	1
1484	1943	1
1484	1947	1
1484	1961	1
1484	1965	1
1484	2007	1
1484	2054	1
1484	2128	1
1487	1492	1
1487	1998	1
1487	2141	1
1487	2144	1
1491	1512	1
1491	1553	1
1491	1867	1
1491	1880	1
1491	2047	1
1491	2078	1
1491	2107	1
1492	1534	1
1492	1553	1
1492	1867	1
1492	2107	1
1492	2140	1
1496	1916	1
1500	1606	1
1500	1734	1
1500	1766	1
1500	1814	1
1500	1844	1
1500	2053	1
1500	2058	1
1500	2126	1
1501	1549	1
1501	1645	1
1501	1687	1
1501	1966	1
1501	2039	1
1502	1515	1
1502	1571	1
1502	1622	1
1503	1515	1
1503	1571	1
1509	1595	1
1509	1755	1
1509	1772	1
1509	1813	1
1509	1841	1
1509	1876	1
1509	1913	1
1509	1961	1
1509	2053	1
1509	2058	1
1509	2107	1
1511	2039	1
1511	2138	1
1512	1516	1
1512	1567	1
1512	1577	1
1512	1613	1
1512	1691	1
1512	1696	1
1512	1713	1
1512	1767	1
1512	1800	1
1512	1848	1
1512	1880	1
1512	1892	1
1512	1909	1
1512	1930	1
1512	1982	1
1512	2022	1
1512	2078	1
1512	2094	1
1515	1571	1
1516	1567	1
1516	1848	1
1516	1880	1
1516	1930	1
1516	1982	1
1516	2078	1
1520	1619	1
1520	1780	1
1524	1725	1
1524	1732	1
1524	1831	1
1524	1835	1
1524	1918	1
1525	1554	1
1525	1593	1
1525	1877	1
1525	2046	1
1527	1681	1
1527	1875	1
1527	1916	1
1529	1635	1
1529	1838	1
1529	1856	1
1529	2088	1
1532	1834	1
1532	1935	1
1532	2007	1
1533	1921	1
1534	1553	1
1534	1822	1
1534	2107	1
1534	2140	1
1539	1655	1
1539	1888	1
1543	1699	1
1543	1948	1
1543	2025	1
1543	2119	1
1544	1725	1
1544	1732	1
1544	1831	1
1544	1835	1
1544	1918	1
1548	1709	1
1549	1687	1
1551	1725	1
1551	1835	1
1552	1729	1
1552	2141	1
1553	1798	1
1553	1822	1
1553	1867	1
1553	2023	1
1553	2047	1
1553	2107	1
1553	2140	1
1554	1574	1
1554	1667	1
1554	1873	1
1554	1877	1
1554	1971	1
1554	2017	1
1554	2040	1
1554	2046	1
1554	2073	1
1554	2075	1
1557	1807	1
1557	2020	1
1557	2053	1
1557	2058	1
1558	1844	1
1561	1869	1
1561	2051	1
1565	1582	1
1567	1691	1
1567	1696	1
1567	1713	1
1567	1767	1
1567	1800	1
1567	1848	1
1567	1892	1
1567	1909	1
1568	1725	1
1568	1773	1
1568	1831	1
1568	1835	1
1568	1918	1
1574	1596	1
1574	1667	1
1576	1694	1
1577	1691	1
1577	1696	1
1577	1713	1
1577	1767	1
1577	1800	1
1577	1848	1
1577	1880	1
1577	2022	1
1580	1934	1
1584	1600	1
1584	1806	1
1584	2040	1
1584	2075	1
1586	1816	1
1586	1977	1
1586	2085	1
1593	1877	1
1594	1804	1
1594	2054	1
1595	1841	1
1595	1961	1
1595	2053	1
1595	2058	1
1595	2107	1
1596	1792	1
1596	1853	1
1596	1893	1
1596	2083	1
1597	1740	1
1597	1802	1
1597	1925	1
1597	1992	1
1597	2014	1
1600	2040	1
1600	2075	1
1605	1848	1
1606	1734	1
1606	1766	1
1606	1814	1
1606	2126	1
1611	1715	1
1612	1649	1
1612	1912	1
1613	1691	1
1613	1696	1
1613	1713	1
1613	1767	1
1613	1800	1
1613	1848	1
1613	1880	1
1613	1909	1
1613	2022	1
1613	2078	1
1621	1775	1
1621	2012	1
1621	2085	1
1622	1754	1
1622	1763	1
1622	1791	1
1622	1830	1
1622	2128	1
1629	1631	1
1629	2018	1
1630	1678	1
1630	1701	1
1630	1783	1
1630	1928	1
1630	2033	1
1630	2042	1
1630	2050	1
1633	1934	1
1635	1838	1
1635	1856	1
1635	2088	1
1637	2141	1
1643	1958	1
1643	2057	1
1645	1687	1
1645	1966	1
1645	2039	1
1648	1649	1
1648	1719	1
1653	1678	1
1655	1685	1
1655	1888	1
1655	1971	1
1664	1725	1
1664	1831	1
1664	1835	1
1664	1918	1
1668	1698	1
1668	1743	1
1669	1907	1
1678	1735	1
1678	1786	1
1678	1828	1
1678	2025	1
1678	2038	1
1681	1875	1
1681	1916	1
1685	1888	1
1687	1966	1
1687	2039	1
1688	1947	1
1691	1696	1
1691	1713	1
1691	1767	1
1691	1800	1
1691	1848	1
1691	1880	1
1691	1909	1
1691	1930	1
1691	1982	1
1691	2022	1
1691	2078	1
1691	2094	1
1694	1777	1
1694	1868	1
1696	1713	1
1696	1767	1
1696	1800	1
1696	1848	1
1696	1880	1
1696	1892	1
1696	1909	1
1696	1930	1
1696	1982	1
1696	2022	1
1696	2078	1
1696	2094	1
1698	1743	1
1698	1963	1
1699	1948	1
1699	2119	1
1701	1783	1
1701	1911	1
1713	1767	1
1713	1800	1
1713	1848	1
1713	1880	1
1713	1892	1
1713	1909	1
1713	1982	1
1713	2022	1
1713	2078	1
1713	2094	1
1719	1818	1
1719	1883	1
1721	1725	1
1721	1831	1
1721	1835	1
1721	1918	1
1721	2135	1
1722	1725	1
1722	1831	1
1722	1835	1
1722	1918	1
1723	1725	1
1723	1732	1
1723	1831	1
1723	1835	1
1723	1918	1
1723	2135	1
1724	1725	1
1724	1831	1
1724	1835	1
1724	2135	1
1725	1726	1
1725	1759	1
1725	1773	1
1725	1808	1
1725	1831	1
1725	1835	1
1725	1849	1
1725	1865	1
1725	1887	1
1725	1897	1
1725	1905	1
1725	1918	1
1725	1922	1
1725	1932	1
1725	2090	1
1725	2135	1
1726	1831	1
1726	1835	1
1726	1918	1
1726	2135	1
1729	2141	1
1732	1773	1
1732	1831	1
1732	1835	1
1732	1849	1
1732	1905	1
1732	1932	1
1732	2090	1
1734	1766	1
1734	1814	1
1734	2126	1
1735	2038	1
1738	1934	1
1738	1954	1
1739	1801	1
1739	1807	1
1739	2020	1
1739	2053	1
1739	2058	1
1740	1992	1
1740	2014	1
1740	2024	1
1742	1841	1
1742	2053	1
1742	2058	1
1743	1963	1
1744	1752	1
1744	1902	1
1752	1902	1
1754	1763	1
1755	1841	1
1755	1876	1
1755	1913	1
1755	1961	1
1755	2053	1
1755	2107	1
1756	1886	1
1759	1831	1
1759	1835	1
1759	1918	1
1763	1791	1
1764	1997	1
1764	1998	1
1764	1999	1
1766	1814	1
1767	1800	1
1767	1848	1
1767	1880	1
1767	1892	1
1767	1909	1
1767	1930	1
1767	1982	1
1767	2022	1
1767	2078	1
1767	2094	1
1772	1813	1
1772	1841	1
1772	1876	1
1772	1913	1
1772	1961	1
1772	2053	1
1772	2058	1
1772	2107	1
1773	1831	1
1773	1835	1
1773	1849	1
1773	1918	1
1775	2050	1
1775	2085	1
1777	1893	1
1783	1911	1
1792	1893	1
1793	1826	1
1795	1900	1
1795	1981	1
1795	2100	1
1798	1867	1
1800	1848	1
1800	1880	1
1800	1909	1
1800	1930	1
1801	1807	1
1801	2020	1
1801	2053	1
1801	2058	1
1802	1992	1
1802	2014	1
1802	2024	1
1806	2040	1
1806	2075	1
1807	2020	1
1807	2053	1
1807	2058	1
1808	1831	1
1808	1835	1
1808	1918	1
1808	2135	1
1813	1876	1
1813	1913	1
1813	1961	1
1814	2126	1
1816	1977	1
1825	1971	1
1828	2025	1
1828	2033	1
1828	2038	1
1831	1835	1
1831	1849	1
1831	1865	1
1831	1887	1
1831	1897	1
1831	1905	1
1831	1918	1
1831	1922	1
1831	1932	1
1831	2090	1
1831	2135	1
1834	1935	1
1834	1943	1
1834	2007	1
1835	1849	1
1835	1865	1
1835	1887	1
1835	1897	1
1835	1905	1
1835	1918	1
1835	1922	1
1835	1932	1
1835	2090	1
1835	2135	1
1838	1856	1
1838	2066	1
1838	2088	1
1841	1876	1
1841	1913	1
1841	1961	1
1841	2053	1
1841	2058	1
1841	2107	1
1848	1880	1
1848	1892	1
1848	1909	1
1848	1930	1
1848	1982	1
1848	2067	1
1848	2078	1
1849	1918	1
1849	2135	1
1853	1893	1
1856	2088	1
1865	1918	1
1867	2023	1
1869	2051	1
1875	1916	1
1876	1913	1
1876	1961	1
1876	2053	1
1876	2058	1
1876	2107	1
1877	2046	1
1880	1892	1
1880	1909	1
1885	2060	1
1886	2015	1
1887	1918	1
1887	2005	1
1892	1909	1
1892	1930	1
1892	2022	1
1892	2078	1
1893	1939	1
1893	1973	1
1893	2046	1
1893	2075	1
1893	2083	1
1897	1918	1
1904	1985	1
1905	1918	1
1909	1930	1
1909	1982	1
1909	2022	1
1909	2078	1
1909	2094	1
1913	1961	1
1913	2053	1
1913	2058	1
1913	2107	1
1917	1969	1
1917	2141	1
1918	1922	1
1918	1932	1
1918	2090	1
1918	2135	1
1925	1972	1
1925	1992	1
1925	2014	1
1925	2024	1
1931	1985	1
1934	1954	1
1935	1943	1
1935	2007	1
1941	1945	1
1954	2032	1
1954	2127	1
1958	2057	1
1961	2053	1
1961	2058	1
1961	2107	1
1963	2086	1
1963	2131	1
1966	2039	1
1969	2141	1
1971	2012	1
1971	2073	1
1981	2100	1
1985	2142	1
1992	2014	1
1992	2024	1
1997	1998	1
1997	1999	1
1998	1999	1
2003	2112	1
2003	2113	1
2005	2062	1
2012	2085	1
2014	2024	1
2020	2053	1
2020	2058	1
2025	2033	1
2025	2038	1
2040	2075	1
2047	2107	1
2050	2126	1
2053	2058	1
2053	2107	1
2058	2107	1
2071	2087	1
2082	2112	1
2082	2113	1
2086	2131	1
2087	2098	1
2112	2113	1
2141	2144	1
