1070	468	588	189	36	403	327	627	374	526	220	257	366	208	306	1172	599	12	503	899	360	234	296	353	93	502	277	42	340	388	32	339	303	1187	43	361	475	0	245	467	59	1167	322	304	890	355	421	235	573	504	23	1	736	94	608	381	626	309	22	89	341	1147	64	269	174	37	278	53	770	86	212	305	724	272	63	55	
619	952	563	1002	625	681	728	155	95	349	219	578	689	200	866	1168	594	149	255	66	218	13	443	96	1206	204	112	79	379	22	490	321	1114	1136	205	54	308	1159	1160	88	42	1146	1188	256	786	579	751	65	75	259	195	250	923	111	
245	467	997	1106	48	926	557	473	942	803	416	812	304	403	327	355	1306	374	980	1213	108	23	433	798	936	1147	1081	234	1247	296	242	603	656	1325	339	1270	770	86	508	953	1310	415	1061	1234	1137	87	867	1248	1138	361	873	
1162	291	408	1032	84	85	1102	649	1315	1117	168	76	169	412	466	1149	788	844	807	1273	994	883	775	1333	34	531	846	1058	948	1294	1260	384	1085	1089	832	888	1202	1332	40	148	1337	1124	843	143	1193	629	1098	142	382	1125	398	
1195	51	1103	1020	1300	1022	352	1023	1223	173	442	941	971	495	992	1006	57	996	1177	288	227	294	52	1289	126	640	1048	434	697	951	125	895	742	56	595	268	463	648	356	1243	228	1008	1210	
244	693	180	818	687	485	1312	820	985	33	1071	932	243	98	30	1218	45	279	141	133	454	26	5	4	577	161	1219	152	254	453	944	498	302	910	802	598	301	271	97	
462	231	1176	523	933	409	280	757	100	528	471	31	897	394	359	47	358	539	425	507	1209	295	275	527	237	718	840	232	969	665	927	428	1096	794	943	159	1021	10	99	
1208	347	437	915	1275	771	634	512	901	571	105	109	2	348	419	224	233	809	819	176	260	3	1142	110	1143	715	21	420	597	1183	393	261	974	106	
653	1175	773	72	160	747	746	605	534	70	752	672	120	763	855	501	71	815	378	748	1173	552	979	239	892	496	991	238	446	785	497	801	
532	1199	182	1216	671	965	60	782	1293	1161	659	479	49	370	444	1256	1074	666	185	849	964	181	1217	822	587	1054	1019	186	810	683	
701	472	904	1043	103	982	676	921	705	1060	1031	673	905	922	197	938	432	722	703	727	1196	1170	723	196	251	541	104	706	156	674	
68	1044	1348	1238	891	652	1239	423	284	1211	835	400	606	717	107	1231	194	82	130	520	628	827	957	1212	525	166	1045	413	324	
856	704	494	572	931	639	122	27	134	179	778	426	669	795	427	289	452	46	451	655	744	658	590	637	253	290	121	845	
564	1107	265	487	191	127	264	623	1241	460	542	170	486	171	137	624	721	128	691	1108	192	692	710	616	478	136	477	
783	202	252	435	1029	188	995	431	246	1121	9	102	558	1036	365	101	561	505	263	247	766	276	1281	476	756	635	
726	499	889	395	500	11	946	589	140	800	391	947	1079	714	1042	570	615	448	804	167	207	119	118	392	797	621	
1141	1088	1064	976	69	861	429	1233	1073	172	248	236	636	737	158	1194	638	841	461	863	764	851	430	135	
35	668	401	424	607	402	123	519	700	1094	686	314	6	190	328	585	663	547	1024	177	80	516	875	
144	1105	77	343	1063	1052	282	210	344	645	569	281	898	1051	1046	145	175	591	209	1097	914	201	1075	
852	41	1236	660	1166	1351	961	774	524	675	874	81	1350	1252	515	1229	1131	886	1354	657	887	1232	
229	622	187	492	935	399	592	211	870	440	354	1038	491	441	560	230	146	735	203	262	753	216	
758	165	414	1345	825	164	1133	761	762	1113	631	630	793	836	816	575	814	878	1012	767	576	580	
1278	1092	1225	38	292	1062	405	1222	1207	1314	464	39	1181	1280	50	919	1017	760	404	1099	1224	
1346	828	1319	601	510	777	677	799	1154	300	1264	776	750	537	749	998	1321	509	299	678	124	
163	707	16	1186	1291	945	17	162	1093	410	538	708	418	389	417	390	719	850	326	720	
1100	147	1220	1110	584	465	960	1007	1139	986	1221	1282	28	1111	366	574	458	1132	113	115	
1066	373	372	1005	1034	129	1200	317	117	316	481	755	1053	1091	1123	916	988	1271	445	44	
214	713	581	1343	474	1040	91	1344	397	1295	610	1299	1115	1328	1254	336	1329	92	556	213	
885	1152	29	792	977	1013	740	956	1157	568	567	884	1059	1078	1277	555	739	741	854	
367	583	293	604	383	869	1178	582	549	258	548	893	940	696	1269	978	350	609	338	
907	1336	868	1263	1158	826	805	1266	1334	806	646	1276	1335	1326	1246	1309	647	906	1134	
862	217	1087	987	698	221	345	1129	319	8	334	823	320	333	357	632	
1307	1215	506	368	24	1308	729	684	1279	817	702	1298	765	1172	781	685	
74	25	58	73	865	900	1324	546	484	545	7	745	667	329	67	
266	1286	896	877	1001	876	62	990	1330	1318	1203	651	1259	61	1011	
514	206	1189	1349	249	857	848	1122	811	643	1145	732	644	1198	1182	
511	522	1016	1163	1285	633	938	1014	312	690	1055	469	789	521	554	313	1128	
406	1039	617	436	1272	371	937	983	1104	1342	984	1205	407	618	447	
369	226	1057	1169	153	903	386	600	1258	154	387	1003	1056	225	
362	894	654	699	311	310	215	882	325	438	1028	562	459	439	
847	1192	1190	472	1274	1304	769	1179	917	768	1316	918	939	493	1284	547	
351	178	1080	422	1077	902	1240	784	954	535	1237	1076	993	
307	1041	488	489	1118	285	132	688	779	83	457	780	
331	1018	222	518	1140	89	1184	517	1311	90	920	330	
540	318	131	543	544	287	1249	682	602	908	858	286	
1049	712	511	1030	925	821	972	1072	323	376	470	193	
808	1235	614	411	731	364	879	1065	1287	1082	864	880	
743	396	15	565	596	513	913	1050	14	1004	1242	
550	860	981	332	20	754	733	551	1067	975	
377	151	455	456	1214	1253	1267	1268	150	670	
959	198	298	973	335	533	297	199	99	958	270	
1116	1226	449	1086	1320	1000	450	1156	1255	1227	
184	1204	1130	183	709	759	1069	611	337	
730	1228	949	950	480	116	1015	831	
911	791	157	593	1197	1109	612	613	
1083	1290	1302	1347	223	1112	1068	1135	
999	283	695	664	1035	930	529	694	
824	912	725	650	1120	796	1201	1119	
1155	1165	680	679	1164	1288	1331	1305	
1185	139	1296	1297	1010	1009	1191	
1265	1037	872	1148	871	536	1301	
19	559	553	566	18	787	
661	78	989	1101	662	970	
934	375	881	1171	138	967	
241	240	274	385	273	929	
1303	1230	267	1025	1090	968	
483	1144	829	482	641	924	1084	928	830	642	
834	738	833	772	1151	1257	
315	837	1283	838	586	
483	734	641	924	642	
1047	716	962	963	620	
363	342	966	380	
1317	839	859	530	
1027	842	1026	711	
1033	1292	853	1262	
813	909	114	
1095	1180	790	
1338	955	1327	
1126	1127	1174	
1340	1341	1153	
1245	1261	1244	
59	189	322	627	573	526	306	1	736	608	381	503	626	899	360	341	64	502	277	1187	212	43	55	
1070	588	1167	890	421	235	504	0	599	12	94	309	269	174	32	303	53	305	724	272	63	475	
619	625	681	349	219	594	255	218	443	13	79	22	308	88	42	256	751	75	259	195	250	111	
563	728	689	95	578	866	200	149	96	204	112	379	490	1114	1136	205	54	1146	579	65	923	
693	180	687	1175	26	5	820	985	577	133	1071	30	302	45	802	598	301	271	33	
244	818	944	152	243	485	98	498	4	161	910	279	141	932	453	454	97	
425	462	523	295	757	152	100	471	665	394	359	794	10	99	47	358	407	
245	467	374	770	86	234	296	23	87	242	304	403	327	355	
428	425	1096	943	527	275	1021	409	280	718	840	528	969	31	
656	1325	997	1270	48	508	1310	1081	803	867	603	433	1306	1234	
434	951	125	1103	288	1020	294	268	352	1223	173	126	1008	1210	
766	783	202	276	9	102	435	188	476	431	365	505	263	
167	11	499	119	392	621	570	589	1042	615	140	800	804	
247	246	1121	252	1029	558	756	1281	995	101	1036	561	635	
339	980	1213	953	936	1147	415	108	416	1061	798	361	873	
726	500	207	889	391	118	946	395	714	797	947	1079	448	
1124	1058	291	948	1032	1294	1332	1315	1117	168	34	169	
412	1193	408	84	85	1260	649	994	1273	832	40	148	
105	809	347	437	109	771	176	393	634	419	512	110	
892	752	378	496	773	747	815	1173	446	120	763	746	
36	388	468	220	257	208	353	93	37	278	340	
1188	952	786	1002	66	321	1159	1206	1160	155	1168	
623	542	192	137	1107	265	616	478	136	127	486	
441	560	229	622	230	1038	146	354	216	399	491	
534	239	653	238	672	160	552	785	801	855	501	
520	827	400	957	1044	166	652	1045	423	194	324	
1200	129	481	1053	1271	1123	1091	916	44	988	
895	51	1048	227	1022	1023	52	356	228	1006	
531	846	843	1149	382	384	1089	883	888	76	
1208	1275	420	348	233	597	974	224	571	106	
1066	373	372	1034	317	117	316	755	1005	445	
795	704	494	427	253	290	289	122	451	744	
251	472	904	905	922	982	156	727	197	196	
163	1186	945	538	708	418	417	390	1093	707	
782	1199	182	666	185	822	1161	1054	965	964	
701	432	673	1043	722	1196	674	723	938	921	
1094	6	190	424	547	516	177	80	402	
370	532	444	659	671	810	1019	186	49	
71	70	1175	748	991	72	497	979	605	
816	631	165	414	630	814	878	576	580	
1215	24	729	684	1279	1298	1172	685	
774	41	1229	675	1166	961	1350	1232	
56	57	595	996	1177	742	648	1243	
628	1212	717	107	284	525	1348	413	
171	721	128	1108	692	487	170	477	
735	203	262	187	753	440	492	592	
564	691	1241	460	710	624	191	264	
1063	1105	1052	209	210	1051	201	1075	
217	345	319	823	334	333	357	632	
1307	506	368	1308	817	702	765	781	
515	524	1236	660	1354	657	1351	1252	
740	956	1157	567	1059	1078	555	739	
825	1133	575	1113	1012	767	1345	836	
819	915	2	260	261	3	1142	
16	17	1291	410	850	389	326	
1293	1256	1074	1217	587	479	60	
281	175	591	645	77	569	1046	
1154	1346	1321	1264	998	124	750	
604	893	383	696	978	609	338	
495	697	463	992	640	442	971	
1055	469	1016	1285	633	1014	521	
826	646	1276	1335	1326	647	1134	
1299	1115	713	1343	1254	1344	1295	
939	1190	1284	1274	769	1179	1316	
885	29	977	568	884	1277	
1001	62	1330	1318	651	1011	
852	1131	887	886	874	81	
307	285	132	688	83	488	
1100	1220	147	1110	1221	574	
841	461	1141	236	1233	861	
300	1319	537	601	299	749	
351	422	902	1240	535	993	
362	654	438	562	459	439	
1235	614	411	731	364	1287	
371	937	983	984	1342	1104	
406	617	1272	1205	407	618	
1041	489	1118	779	457	780	
1336	1263	868	805	806	1158	
808	1065	879	1082	864	880	
1106	926	1137	812	1248	1138	
743	396	913	14	1004	
715	21	1183	901	1143	
960	465	1282	28	1132	
1211	835	68	1231	82	
248	1194	69	430	172	
222	1140	89	1311	90	
1060	104	103	703	1170	
1139	986	1111	366	113	
130	606	1238	891	1239	
1088	1064	976	764	135	
863	429	851	1073	158	
164	758	762	761	793	
292	1181	404	464	1207	
540	318	543	544	602	
466	844	775	398	1333	
712	1030	925	821	470	
705	541	1031	706	676	
678	776	828	777	677	
1152	792	1013	741	854	
1162	788	1098	1102	1125	
1087	862	987	8	
565	596	1242	15	
38	1099	1280	1017	
1259	877	61	876	
1007	458	115	584	
914	282	144	145	
849	1216	181	683	
1349	857	206	1122	
320	698	221	1129	
231	507	232	1209	
897	933	237	539	
1312	1181	1218	1219	254	
311	310	882	325	
343	344	1097	898	
1057	387	1169	600	
405	1278	1062	919	
1226	449	1227	1320	
670	455	1214	456	
942	557	1247	473	
807	1202	629	1085	
768	1304	918	917	
1076	784	1077	954	
1300	1289	1195	941	
1224	1225	39	
1314	1092	50	
1337	1264	143	142	1344	
377	150	151	
927	1176	159	
162	719	720	
1080	1237	178	
211	870	935	
266	1286	896	990	1203	
436	1039	447	
1192	847	493	
510	799	509	
638	636	737	
907	906	1246	
1267	1253	1268	
1334	1266	1309	
1070	997	1106	15	1162	1348	601	758	438	414	1102	535	955	1071	1266	31	1066	362	1154	743	1213	178	1334	149	877	325	1271	1273	1024	350	1198	1205	34	787	501	875	406	1309	515	1247	422	948	631	817	1260	793	998	781	40	148	340	1332	943	1187	392	238	867	970	1125	516	44	
352	933	1223	173	38	1307	57	368	996	1177	288	1052	294	429	1308	1233	108	1206	126	1073	172	670	539	951	131	742	158	56	827	841	461	595	851	10	648	784	765	580	
619	468	347	649	676	995	349	219	307	375	594	909	255	66	218	13	354	224	83	79	669	936	308	688	82	953	285	430	259	87	320	195	250	1029	111	845	
437	668	915	987	1168	980	1094	1031	318	1034	566	798	445	248	426	230	237	1142	1046	1194	145	1270	1310	317	363	272	106	
937	671	1104	534	186	825	699	1116	1282	380	139	1342	326	1314	370	444	636	737	295	638	29	591	764	984	1004	
35	852	373	1324	689	193	894	686	177	858	895	1074	900	1131	424	886	1188	519	314	6	585	887	663	80	
653	160	409	323	528	402	897	782	1030	672	1320	141	470	434	1049	527	161	958	239	1096	268	785	1069	923	
1290	48	103	803	1306	191	264	1060	673	460	542	624	723	969	721	656	1302	1124	715	1108	600	1135	1234	
783	813	252	435	211	246	558	1036	491	441	560	1085	1051	101	561	934	991	209	345	753	1281	476	756	
773	704	820	474	162	728	397	932	707	1328	389	417	530	1256	1186	1136	390	579	7	945	418	556	
377	229	584	1103	69	68	972	376	607	1220	440	146	287	283	786	1145	190	253	682	1054	216	908	
1208	1275	771	188	512	592	348	419	1313	967	233	809	176	260	449	110	1339	393	1061	974	334	1068	
1039	583	557	604	383	1178	978	338	367	275	1159	582	549	258	548	498	104	893	356	609	0	
622	891	746	752	1062	120	45	763	815	378	1173	1113	979	1160	892	1193	496	1217	446	286	1210	
243	654	658	655	98	795	310	311	215	494	1007	17	552	884	1277	1028	562	459	744	439	
1100	1336	868	1263	805	1209	806	646	1001	1112	62	1335	1330	1326	1246	96	647	61	1011	1134	
500	206	222	11	207	485	436	889	118	694	946	395	796	797	947	1079	448	447	
1346	843	1088	650	385	115	382	384	749	3	883	1089	799	1259	864	369	750	
1033	1041	488	489	16	119	625	1035	415	132	75	1118	861	1315	779	457	780	
428	1325	70	581	680	20	634	570	589	1093	1305	615	135	88	890	194	804	
74	862	1316	1340	860	881	1171	976	1002	1153	480	727	452	479	1341	123	873	
700	1347	1048	51	477	192	1199	227	223	411	1072	405	961	228	1006	39	
726	520	835	400	167	800	957	499	391	1044	166	652	1045	423	140	324	
1149	919	1017	1064	420	364	513	1022	1240	8	289	874	399	1227	1280	
184	396	1204	1130	565	183	913	1236	336	709	1329	759	14	611	337	
247	632	217	202	262	284	221	102	1129	319	492	1087	81	635	464	
1211	41	522	508	904	544	157	156	982	1012	1021	242	1214	854	
712	811	1026	1189	732	711	681	249	812	644	857	848	1158	1182	
735	778	46	19	590	134	427	1231	572	931	122	179	505	
256	379	321	1114	65	866	54	204	155	112	124	1146	263	
105	466	741	455	490	844	456	1040	1137	116	775	398	1333	
182	524	181	666	1229	185	822	1351	849	755	127	683	965	
171	128	564	623	1241	692	137	1107	710	616	478	170	486	
1322	372	1058	1121	1140	637	1323	1318	27	121	1005	168	
1080	276	760	114	986	1221	983	1287	458	1132	113	836	
495	1027	842	413	1086	1167	1243	261	1224	810	1225	992	
331	332	1176	696	1000	290	551	975	333	357	855	605	
21	2	1166	1183	1276	901	451	761	762	1143	49	
244	944	1195	4	410	639	850	1291	453	454	97	
713	408	719	714	788	905	1098	1295	1156	18	546	
885	1152	1013	740	956	1157	568	567	1059	1078	76	
531	412	506	1321	473	942	84	85	702	201	1075	
1083	147	808	1110	298	1065	879	1311	90	1082	880	
628	870	507	1020	1184	138	994	555	150	578	720	
926	159	342	966	1111	772	1222	1248	1138	576	993	
1155	163	1235	960	1304	734	316	839	718	840	1019	
351	952	977	1077	902	645	954	1091	935	1076	988	
730	1228	717	1057	716	950	621	1015	832	831	620	
545	251	164	1122	1141	236	371	698	1349	67	
661	78	1207	614	989	1293	1101	662	77	493	
927	1267	1253	1042	1268	554	1170	1331	197	196	
525	1081	1292	1317	602	603	433	853	859	1262	
1215	24	856	684	657	1298	136	1008	903	
550	226	981	949	1023	52	754	1067	169	
816	863	940	165	814	630	878	279	442	
432	1043	401	450	1196	674	431	964	921	
774	834	738	675	833	1150	538	1151	1257	
1212	1200	543	731	1053	1123	587	916	586	
685	25	610	214	729	328	91	213	
281	1300	1289	747	100	271	941	60	
1245	1261	792	291	1032	922	346	1244	
315	643	837	1283	838	1095	1180	790	
701	596	597	1161	659	571	365	1242	
71	532	465	748	72	28	497	
1063	144	282	210	1050	914	569	
386	1258	154	153	1003	1056	225	
846	847	1192	776	1097	280	888	
292	1133	575	443	574	767	1345	
697	691	293	463	1117	640	971	
925	751	344	481	416	343	823	
1299	1115	509	1343	1254	510	739	
540	705	541	1226	882	1285	706	
898	869	629	807	1202	1038	801	
1216	660	1354	1092	1252	50	
58	745	865	329	1249	484	
1055	73	404	651	1350	1232	
559	553	722	117	1099	92	
1278	107	203	1279	187	733	
130	1105	129	1238	1239	254	
1018	175	518	517	920	330	
912	1338	504	205	1327	1201	
1319	537	299	1169	387	536	
151	606	563	95	1255	
300	1047	962	1269	963	
824	725	1120	708	1119	
109	487	876	826	
819	1139	514	200	
231	679	232	633	
766	125	9	
818	910	265	
617	618	1294	
703	1237	667	
1288	1164	1165	
