0	0,1,2,3,4,5
1	18,19,20,21
2	41,42,43,44,46,47,48
3	49,50,51,52,53
4	97,98,99,100
5	144,145,146,1441
6	235,236,237,718
7	312,313,314,315
8	476,477,478,479,480
9	514,515,516,517,518,519
10	554,555,556,557,558,559,1444
11	31,32,33,34,35,36,37,38,39,40,562,563
12	564,565,566,1568
13	567,568,569,570,571,572,573,574
14	575,576,577,578,579,580
15	619,620,621,622
16	629,630,631,633,635
17	692,693,694,695
18	587,588,589,590,591,713,714,715,716,717,1170
19	719,720,721,722,723,1106,1107
20	732,733,734,735,736,737,738
21	87,88,89,90,91,92,93,94,761
22	785,786,787,1405
23	831,832,833,834,835,836
24	162,163,164,165,166,636,864,1044,1268
25	318,319,320,321,322,323,324,325,326,327,328,329,330,331,332,333,334,335,336,337,338,339,340,615,616,784,885,1589
26	911,912,913,914
27	342,343,352,353,751,752,753,754,755,756,757,758,759,760,844,845,846,847,848,849,850,851,852,853,854,926,927,928,929,930,931,932,933,934,935,936,937,938
28	45,724,725,726,963,965
29	967,968,969,970,971,972,973
30	6,7,8,9,10,985,986
31	1031,1032,1033,1034,1035,1036,1037,1038
32	341,342,343,344,345,346,347,348,349,350,351,352,353,354,355,356,752,844,845,846,847,848,849,850,851,852,853,854,926,927,928,929,930,931,932,933,934,935,936,937,938,1039,1040,1041,1042,1043
33	57,463,486,487,524,623,624,625,626,627,1054,1055,1367
34	131,904,1016,1017,1019,1020,1062,1063,1064,1081
35	447,451,529,530,531,532,533,534,535,536,537,538,539,540,541,542,543,544,545,546,547,548,549,550,711,712,1104,1105
36	1069,1070,1071,1072,1073,1123,1124
37	582,583,584,585,586,1150
38	1003,1167,1168,1169
39	27,29,64,437,438,439,440,441,442,443,444,445,446,447,448,449,450,451,452,453,454,455,456,457,458,529,530,531,532,533,534,535,536,537,538,539,540,541,542,543,544,545,546,547,548,549,550,563,702,703,711,712,729,908,1104,1105,1180,1181,1182,1183,1184,1185,1186
40	11,13,14,15,16,17,373,374,375,707,708,709,710,841,842,843,1085,1190,1192,1193,1194,1387,1521,1551,1600,1601
41	128,129,130,131,132,133,134,135,136,137,138,139,140,141,142,143,155,156,157,158,159,160,161,171,175,290,301,903,904,1019,1062,1063,1064,1081,1082,1083,1084,1134,1135,1136,1202,1203,1209
42	1227,1228,1229,1230,1231,1232
43	1249,1250,1251,1252
44	61,62,63,64,65,66,67,68,254,592,593,596,599,600,837,838,840,909,1212,1258,1259,1372,1454
45	1294,1295,1296,1297,1298,1299,1300,1301
46	1270,1317,1318,1319,1320,1459
47	1214,1215,1216,1217,1218,1219,1220,1339
48	395,396,397,398,399,400,401,1094,1362
49	1388,1389,1390,1391,1392,1393
50	1315,1395,1396,1397,1398
51	1406,1407,1408,1493
52	109,112,117,122,124,227,275,279,285,287,290,291,294,295,300,308,361,389,391,405,406,482,484,488,490,492,639,640,641,642,643,644,645,646,647,653,654,655,656,657,658,659,660,661,662,663,664,665,666,667,668,669,670,671,672,673,674,675,676,677,678,679,680,681,682,683,684,685,686,687,765,827,828,829,830,892,894,895,896,898,900,901,902,941,948,949,950,951,952,953,955,1021,1024,1025,1026,1027,1028,1029,1030,1053,1096,1097,1098,1099,1120,1213,1237,1238,1239,1355,1356,1418,1433,1438,1500,1501
53	1419,1420,1421,1422,1423
54	103,105,108,110,111,113,114,115,116,118,119,120,121,122,123,125,170,174,175,176,193,194,200,218,254,272,274,275,278,283,285,292,293,294,295,302,304,305,306,308,310,311,376,377,379,381,383,384,385,386,388,406,408,409,410,411,412,413,414,415,416,417,418,419,420,421,422,423,424,425,426,427,428,429,430,431,432,433,493,496,499,500,527,553,612,613,650,651,652,700,806,807,812,823,828,865,866,869,871,872,874,892,893,895,896,897,898,899,900,901,988,1004,1047,1048,1049,1050,1051,1052,1088,1191,1267,1303,1304,1353,1360,1361,1381,1433
55	24,187,188,190,359,360,361,362,468,471,473,653,654,655,656,657,658,659,660,661,662,663,664,665,666,667,668,669,670,671,672,673,674,675,676,677,678,679,680,681,682,683,684,685,686,687,739,740,741,742,743,744,745,746,748,768,769,770,771,788,789,790,791,792,793,794,795,796,797,858,859,860,861,862,863,1024,1025,1095,1438
56	22,23,24,25,26,27,28,29,30,32,34,36,37,38,39,61,62,64,65,66,68,178,179,180,181,182,183,184,185,186,187,188,189,190,205,361,468,469,471,472,473,474,475,529,530,531,532,533,534,535,536,537,538,539,540,541,542,544,545,546,547,548,549,550,562,563,593,596,599,600,653,654,655,656,658,659,660,661,662,663,664,665,666,667,668,669,670,671,672,673,674,675,676,677,678,679,680,681,682,683,684,685,686,687,711,712,729,730,731,739,740,741,742,743,744,745,746,748,768,769,770,771,772,773,774,775,776,777,778,779,780,781,788,789,790,791,792,793,794,795,796,797,817,818,837,838,840,858,859,860,861,862,863,883,884,909,915,916,917,918,919,920,921,922,1095,1105,1121,1122,1180,1181,1182,1183,1184,1185,1186,1242,1302,1329,1438,1455,1543,1544,1584
57	96,101,102,103,104,105,106,107,108,109,110,111,112,113,114,115,116,117,118,119,120,121,122,123,124,125,129,132,136,139,169,170,171,172,173,174,175,176,191,192,193,194,195,196,197,198,199,200,201,202,203,204,205,206,207,208,209,210,211,212,213,214,215,216,217,218,219,220,221,222,223,224,225,226,227,228,229,230,231,232,254,268,269,270,271,272,273,274,275,276,277,278,279,280,281,282,283,284,285,286,287,288,289,290,291,292,293,294,295,296,297,298,299,300,301,302,303,304,305,306,307,308,309,310,311,376,377,378,379,380,381,382,383,384,385,386,387,388,389,390,391,402,403,404,405,406,407,434,435,489,490,491,492,493,494,495,496,497,498,499,500,526,527,528,551,552,553,612,639,640,641,642,643,644,645,646,647,696,697,698,699,700,701,749,750,764,765,766,767,802,803,804,805,806,807,808,809,810,811,812,822,823,826,827,828,829,830,865,866,867,868,869,886,887,892,893,894,895,896,897,898,899,900,901,902,940,941,942,947,948,949,950,951,952,953,954,955,988,990,991,992,1004,1021,1047,1049,1050,1052,1059,1060,1077,1088,1113,1117,1127,1128,1129,1130,1131,1134,1135,1136,1143,1144,1145,1146,1147,1148,1149,1171,1172,1189,1206,1207,1213,1267,1303,1304,1353,1360,1361,1371,1410,1418,1433,1498,1530,1558,1576
58	1313,1415,1416,1417,1526
59	69,70,71,72,73,74,75,76,77,78,79,80,81,82,83,84,85,86,103,104,105,107,109,110,111,112,113,114,115,116,117,119,122,124,153,154,173,175,176,192,193,194,198,200,211,215,216,218,221,222,223,226,227,228,231,244,245,246,247,248,249,250,251,252,253,254,255,256,257,258,259,260,261,262,263,264,265,266,267,272,273,274,275,276,277,278,279,282,283,285,287,288,291,292,293,294,295,298,301,302,303,304,308,309,311,376,377,378,379,380,381,384,385,386,387,388,389,391,392,405,406,489,490,492,494,499,500,504,505,506,507,508,509,510,511,512,513,522,552,553,604,605,606,607,608,609,610,611,612,613,614,639,640,641,642,643,644,645,646,647,698,764,765,766,805,806,807,812,826,827,828,829,830,867,889,892,893,894,895,896,897,898,899,900,901,902,941,942,945,946,947,948,949,950,951,952,953,954,955,988,991,1004,1047,1048,1051,1052,1077,1189,1191,1303,1304,1307,1347,1370,1410,1530,1538,1575
60	996,1007,1008,1009,1010,1011,1012,1222,1223,1564,1607
61	70,73,74,76,78,79,80,81,83,84,85,86,96,101,102,103,104,105,106,107,108,109,110,111,112,113,114,115,116,117,118,119,120,121,122,123,124,125,129,132,134,138,139,151,152,153,154,169,170,171,172,173,174,175,176,183,191,192,193,194,195,196,197,198,199,200,201,202,203,204,205,206,207,208,209,210,211,212,213,214,215,216,217,218,219,220,221,222,223,224,225,226,227,228,229,230,231,232,244,245,246,247,248,249,250,251,252,253,254,255,256,257,258,259,260,261,263,264,265,266,267,268,269,270,271,272,273,274,275,276,277,278,279,280,281,282,283,284,285,286,287,288,289,290,291,292,293,294,295,296,297,298,299,300,301,302,303,304,305,306,307,308,309,310,311,376,377,378,379,380,381,382,383,384,385,386,387,388,389,390,391,392,402,403,404,405,406,407,434,435,474,481,482,484,488,489,490,491,492,493,494,495,496,497,498,499,500,504,505,506,507,508,509,510,511,512,513,522,526,527,528,551,552,553,604,605,606,607,608,609,610,611,612,613,614,639,640,641,642,643,644,645,646,647,677,696,697,698,699,700,701,749,764,765,766,767,772,773,774,775,776,777,778,779,780,781,805,806,807,812,822,823,826,827,828,829,830,837,838,840,865,866,867,868,869,870,871,872,873,874,875,876,877,878,879,880,881,882,886,887,892,893,894,895,896,897,898,899,900,901,902,940,941,942,945,946,947,948,949,950,951,952,953,954,955,988,990,991,1004,1021,1047,1048,1049,1050,1051,1052,1053,1059,1060,1061,1077,1088,1096,1097,1098,1099,1113,1117,1127,1128,1129,1130,1131,1134,1135,1136,1166,1171,1172,1189,1207,1212,1213,1237,1238,1239,1267,1302,1303,1304,1329,1347,1370,1371,1372,1418,1429,1433,1455,1494,1498,1530,1538,1558,1574,1575
