338	385	302	380	447	381	337	275	761	346	344	508	271	1237	283	184	827	384	1035	414	185	820	572	429	369	589	270	479	360	274	
905	679	977	1001	1138	616	950	524	869	651	706	680	785	731	739	816	674	832	868	1028	682	906	822	968	
136	549	383	188	587	221	374	93	161	94	200	512	109	1273	372	310	325	201	751	170	523	304	404	
10	2	4	1245	1266	3	7	22	74	328	12	21	5	0	13	58	147	59	6	1	43	26	
743	626	446	652	698	1017	845	638	976	1228	661	919	937	622	574	621	703	711	692	1015	
965	719	747	602	509	749	599	582	554	754	603	570	860	1189	773	624	606	493	1056	629	
974	846	687	722	909	349	723	887	577	483	578	637	922	927	482	1066	1167	464	
37	19	23	8	18	900	1229	15	30	899	801	162	9	14	25	52	1239	11	
250	238	347	319	178	957	239	365	1269	728	255	173	513	220	1284	1103	756	
556	89	82	54	39	122	1157	34	1200	97	1196	393	332	35	181	53	
1177	686	228	1131	129	72	428	863	171	871	42	115	114	229	41	864	
1271	708	476	994	1124	100	262	246	559	475	873	1071	1146	128	792	247	
924	917	700	1080	808	932	836	625	618	861	689	828	933	1055	488	867	
113	163	1036	130	112	102	164	103	505	575	165	353	249	1149	273	
204	83	141	167	327	55	154	1185	1151	565	56	138	144	326	
550	71	1158	1181	660	521	1285	862	448	377	436	1233	378	92	
1072	363	881	362	535	450	462	478	595	539	471	865	1186	799	
707	762	653	1037	759	1024	1065	1246	690	1106	613	903	588	
50	45	517	318	44	137	272	1127	46	297	76	51	
160	148	77	131	104	295	507	119	117	78	118	88	
282	108	646	1021	455	253	107	276	277	573	127	456	
232	206	202	278	125	203	288	172	256	287	590	205	
593	269	214	800	215	453	405	1112	421	252	1251	230	
424	242	1267	1212	866	1100	1180	217	495	789	379	216	
435	306	683	1025	701	254	859	1148	502	420	373	307	
433	632	263	1143	694	946	410	1031	371	417	529	650	
62	134	135	95	1094	63	1179	333	294	411	1099	
193	182	177	911	563	914	1226	530	786	101	145	
223	261	885	1263	597	1145	418	1187	116	427	222	
1287	139	1238	314	1250	140	590	1076	712	357	232	732	1274	641	315	496	659	973	334	
1166	376	155	398	506	156	702	1014	804	402	375	
839	691	893	1073	772	1061	649	787	908	592	923	
265	511	126	198	560	48	1232	352	460	49	
972	465	1241	1276	745	1258	1259	526	1039	399	
1184	812	1091	1159	1224	1092	1162	1132	1090	813	
1013	24	36	16	27	966	17	20	296	
139	576	805	953	849	825	528	1286	829	
760	146	403	801	566	771	452	609	985	
1190	1260	643	817	445	192	366	191	967	
540	267	555	463	400	213	401	547	268	
831	219	619	949	218	1088	727	715	1078	
501	233	1119	461	823	1133	581	580	313	
386	1126	940	312	259	322	260	323	941	
396	1067	726	497	264	623	1018	440	514	
880	963	1161	89	351	648	285	879	498	633	284	1117	
1118	408	536	409	1010	579	491	470	855	
1288	614	1022	693	569	494	744	533	480	
1225	1047	1275	1074	1048	1082	783	782	1173	
1030	1113	850	1125	875	874	926	1033	851	
70	69	551	60	61	157	712	1079	
158	350	248	150	174	73	159	151	
339	80	183	96	79	99	912	598	
90	237	91	293	1108	226	389	1163	
266	356	370	824	187	1116	243	186	
473	477	548	210	451	490	902	474	
245	699	1023	281	244	752	1278	280	
290	289	695	634	1063	513	1064	432	1044	519	
437	340	1244	525	1183	1213	341	1201	
532	986	388	705	394	387	704	987	
392	406	1070	391	397	434	564	472	
826	1197	781	416	415	1110	454	685	
821	943	1129	657	942	487	662	486	
763	735	736	1180	1268	925	915	795	934	
738	1136	1121	737	979	980	955	742	
809	901	958	1216	810	1098	890	1026	
1168	894	1104	904	993	973	1083	895	
32	807	806	1270	870	31	982	
1172	81	1062	57	642	1107	149	
485	311	1057	484	85	684	84	
166	87	324	1191	207	522	86	
1175	211	1046	1174	457	990	991	
331	257	258	1262	1176	224	225	
1006	1087	1005	317	316	1089	1095	
729	939	354	1283	515	355	390	
838	395	543	779	596	620	544	
1164	531	612	764	542	916	630	
583	639	538	663	631	584	537	797	
552	647	656	545	992	546	1217	
604	605	688	655	641	938	640	
996	995	734	1221	1215	733	1249	
1182	989	960	952	988	951	1222	
40	527	29	98	1077	28	
481	65	75	1060	64	1204	
67	1020	382	1208	68	1188	
305	1052	106	1051	124	105	
121	594	120	123	617	1054	
241	227	132	133	240	367	
298	518	1261	168	299	143	142	169	
658	1224	407	348	445	175	710	176	
199	364	520	179	180	1253	
1223	342	212	343	591	1231	
648	438	439	1140	1122	234	
1049	321	872	345	320	918	
568	1178	413	412	834	1117	
466	458	459	818	969	975	819	
466	534	467	567	557	615	
1254	755	791	510	654	835	
830	876	415	984	928	770	781	9	416	826	558	
635	1016	636	675	676	1027	799	
889	843	929	842	956	888	
997	66	561	1199	562	
753	303	111	110	1205	
199	907	489	152	231	58	153	
444	286	190	189	419	
837	194	195	796	553	
1029	634	209	208	449	
361	910	368	681	291	
359	964	718	1214	766	
854	607	608	746	853	
811	1211	858	628	627	
884	798	848	1120	797	
802	1130	847	1142	803	
1156	978	1155	883	882	
1040	1007	1004	38	
196	197	1230	251	
920	235	279	236	
329	1272	330	503	
1195	430	504	431	
1192	442	441	1068	516	
1084	468	765	1235	
499	1280	500	541	
600	645	1045	601	
667	666	1111	780	
748	669	1008	668	
672	1171	1265	673	
678	442	677	769	717	
1281	713	714	1218	
750	1081	778	767	
784	776	1011	775	
1128	935	936	815	
970	971	1043	1034	
1053	1135	1139	1134	
1059	33	1141	
47	1147	1193	
299	298	768	
1058	300	301	
308	309	571	
336	335	720	
426	954	425	
1206	1207	443	
1002	585	586	
610	709	611	
644	1192	1210	
1194	665	664	
697	696	833	
1242	1114	721	
724	725	730	
1227	757	758	
774	886	1277	
777	1240	788	
1096	1102	790	
1209	983	814	
840	841	1003	
877	1150	878	
891	1243	892	
896	897	1234	
1069	898	1170	
913	1274	1076	
1000	931	930	
1279	959	1255	
1123	1019	1160	
1252	1282	1165	
707	82	1045	603	526	625	744	1001	1138	747	652	698	363	687	653	976	594	745	869	577	622	860	621	115	624	1077	488	629	1164	791	845	887	731	922	637	1288	531	481	614	1022	638	561	693	661	913	569	703	533	711	822	692	480	
1271	182	376	141	245	1023	873	702	419	985	138	911	994	155	156	55	804	1226	145	193	204	1124	398	100	167	327	563	843	530	402	375	771	609	326	1166	476	83	1198	262	281	244	1185	566	565	128	56	1278	708	
542	554	679	570	1189	606	604	612	599	616	950	719	651	918	1015	706	1012	680	1119	582	919	494	574	816	773	832	903	493	868	1056	965	1049	509	749	906	
501	886	837	964	878	412	780	188	631	909	877	643	1041	833	483	507	579	690	927	1195	503	1160	541	431	630	815	482	1286	148	1042	430	1211	644	
812	465	242	1169	866	399	424	216	183	227	1066	495	671	390	134	1275	210	195	939	411	1249	379	313	967	1074	333	217	294	1210	464	
974	158	1155	60	61	73	1156	350	70	150	1186	1079	1241	551	248	349	0	157	159	578	1196	446	69	174	421	151	
261	642	318	1089	275	149	796	362	44	46	76	1184	81	272	1127	517	51	1036	50	57	45	137	116	297	
821	1017	10	983	1122	3	7	22	469	47	328	487	1147	12	21	5	13	981	486	59	467	43	26	
385	302	447	337	346	1182	1283	320	283	184	1035	414	185	820	572	1013	369	1282	321	675	270	479	360	
700	762	689	828	924	759	524	836	861	588	1145	808	739	1055	917	626	1094	852	932	459	613	933	867	
805	806	683	408	757	945	859	1128	555	492	701	944	373	435	1032	502	528	420	307	254	253	127	
893	410	471	787	371	1072	535	623	417	592	935	396	839	1067	772	1061	440	923	691	1073	1227	1255	
279	1221	381	1018	4	8	1197	995	74	508	104	1038	696	525	585	697	201	989	235	454	1201	
556	71	831	38	1007	34	1285	777	35	92	748	53	54	952	332	39	619	97	393	292	181	
593	741	305	1002	1052	122	106	729	1269	1037	1008	255	354	916	1051	426	515	252	105	586	
40	331	225	583	743	880	1101	282	239	1063	1228	1050	1187	29	98	276	897	171	28	
1177	1130	686	601	129	203	443	1019	600	871	308	1024	1206	1207	571	287	114	490	
667	666	269	214	63	215	1212	453	723	2	6	397	17	1	1266	230	
146	228	1093	615	1247	1248	251	342	288	514	79	347	77	229	118	88	
221	844	892	1131	72	699	1105	863	1284	173	42	864	891	41	756	
1091	753	170	161	388	1092	387	154	300	1264	1142	1273	789	78	1205	
552	550	1150	1202	956	1065	377	862	344	448	1039	1203	436	662	378	
433	1135	263	90	264	450	478	1134	1139	539	1194	1053	1040	1083	
568	163	112	102	130	211	219	218	949	557	165	124	1250	273	
912	241	605	1172	1175	1062	960	1174	1173	484	133	460	240	367	
794	206	758	872	1276	992	1258	793	546	1112	1259	325	1111	274	
62	774	1277	814	611	722	645	1121	1107	559	1075	1137	1148	
1152	848	86	685	1126	87	330	200	383	941	522	109	404	
811	93	751	986	365	767	987	1081	94	372	858	628	627	
1190	238	817	384	394	497	635	1080	1021	1268	427	429	280	
250	1188	523	957	728	68	277	1086	1237	512	101	529	
477	113	548	765	164	505	368	1246	575	1235	249	1149	
716	236	121	715	596	120	920	618	727	123	617	1054	
265	511	198	461	1116	1133	581	353	1231	1232	452	
885	257	597	750	418	1153	660	1183	849	222	778	
543	785	340	80	620	341	544	752	1251	1103	
1029	1178	437	220	1084	810	655	208	99	309	
972	177	311	366	1256	85	196	84	1230	
1118	374	319	946	391	455	119	491	936	
16	27	246	1025	990	335	1095	20	
36	303	1102	1096	111	790	110	296	
896	966	67	668	1020	704	1208	669	
884	809	901	103	1176	224	855	1026	
838	602	764	779	521	1000	176	1233	
1263	444	1236	510	286	190	189	835	
233	1136	457	192	1100	991	1144	1199	
223	734	798	534	1281	1215	1218	733	
721	258	694	1262	1181	336	1242	720	
854	1028	451	914	746	1088	853	1078	
24	1260	576	1265	271	1253	1168	
500	160	131	295	117	725	768	
205	126	997	202	278	125	256	
485	506	1098	475	792	684	144	
386	312	1085	259	260	323	234	
1179	709	1163	786	1058	851	247	
405	988	1071	1146	301	800	449	
1257	359	718	657	316	358	766	
1069	428	899	1167	898	776	504	
463	907	908	1279	665	959	740	
1009	881	1158	595	926	470	1234	
905	910	649	681	904	1115	968	
1159	894	1162	717	784	1209	895	
940	237	91	1108	1064	389	
136	549	304	382	587	310	
499	1280	1014	226	355	147	
364	293	520	865	179	180	
996	632	194	1143	977	553	
473	1252	1165	1046	322	761	
958	929	842	754	890	474	
726	31	1140	1170	1217	
338	65	66	75	64	
646	1214	107	573	456	
108	567	1132	813	993	
682	889	888	132	1123	
395	1223	213	212	591	
1267	527	438	439	829	
846	930	498	931	670	
738	737	955	742	640	
209	951	1222	1099	
329	1272	1245	1216	
343	857	921	856	
608	760	403	607	
532	1151	1109	705	
647	656	545	1171	
1114	664	562	937	
1254	654	1204	674	
803	802	847	870	
953	1154	827	1106	
882	978	883	1200	
1157	1087	18	
32	197	982	
207	166	324	
191	1193	1057	
540	267	268	
468	1110	291	
823	306	361	
317	589	380	
713	714	345	
400	547	401	
536	409	1010	
1240	462	788	
610	1031	650	
1082	783	782	
1270	807	1043	
1097	1090	825	
1129	943	942	
948	1070	947	
1191	1004	1003	
1104	1060	1120	
1239	1244	1213	
